0 0 
 0 0 s 1 1 t 1 1 a 0 0 / 1 3 z 1 1 / 1 1 n 1 1 s 1 3 a 1 1 p 1 1 ) 1 1 2 1 1 t 1 1 n 1 3 e 1 3 2 0 0 1 1 2 m 1 1 n 1 3 p 1 1 o 1 3 2 21 4 4 1 1 2 24 2 t 1 1 ] 1 1 8 0 0 c 1 1 / 1 1 1 1 1 4 52 3 3 16 2 e 1 3 a 1 1 % 1 3 	 1 1 d 1 5 2 28 2 ) 1 1 e 1 3 3 1 1 1 9 4 2 16 2 d 1 3 5 15 2 ) 23 5 1 22 3 7 78 4 6 64 2 k 1 3 4 6 1 - 1 1 3 1 1 a 1 1 0 1 1 l 1 1 2 107 3 - 1 5 e 1 1 / 1 1 g 1 7 S 1 1 g 1 1 s 1 1 g 1 1 	 1 1 e 1 1 ) 1 1 s 1 1 
 0 0 i 0 0 F 154 1 . 1 1 ] 1 2 
 2 1 . 1 3 ] 1 2 . 16 2 s 13 1 
 1 2 ] 0 0 : 17 4 . 19 2 
 1 1 . 6 3 . 12 5 . 4 4 ] 34 1 ] 9 3 ] 5 3 ] 7 2 : 10 6 . 228 1 . 8 4 y 69 8 . 6 3 . 33 5 . 4 2 a 1 1 . 161 1 . 1 2 / 2 1 8 2 1 ) 1 1 . 1 7 6 19 4 . 138 2 . 1 6 3 24 8 s 1 1 . 1 23 7 5 4 9 22 16 8 55 7 . 10 5 h 391 4 s 1 11 e 1 1 s 1 1 y 1 1 g 244 3 s 10 1 o 421 2 g 11 1 o 13 3 y 2 1 l 7 1 
 1 3 s 1 1 p 1 2 s 10 6 
 2 1 c 20 1 a 183 4 9 205 3 m 1 1 
 181 2 a 25 6 s 6 3 e 1 2 t 433 4 e 13 1 n 0 0  63 1 e 1 1 
 18 8 
 74 1 
 61 6 n 121 1 . 42 5 a 1 1 n 104 2 s 11 4 a 46 3 e 267 3 ] 348 3 
 12 4 
 0 0 U 58 1 n 1 2 h 1 1 
 50 4 0 57 5 e 53 1 
 17 1 
 1 2 n 77 3 s 5 1 l 50 1 ) 1 1 n 407 1 
 31 5 
 23 2 D 28 2 
 16 1 
 173 2 e 175 3 y 141 3 D 147 1 h 49 3 s 1 2 u 1 2 
 1 4 k 1 2 e 411 2 s 1 2 ] 151 3 e 455 1 F 424 3 
 14 3 r 507 2 l 113 4 n 85 3 
 1 1 h 112 3 o 20 1 o 493 7 
 20 4 g 1 1 t 91 3 s 217 6 
 1 2 y 5 4 g 13 2 . 59 2 e 31 4 s 25 4 ) 2 2 c 124 2 
 297 2 s 13 2 ? 44 4 n 738 3 a 1 2 d 10 2 ) 182 2 s 34 3 s 366 3 , 1 1 
 2 1 . 6 2 . 1 2 
 5 3 
 525 4 . 1 4 
 563 4 . 11 6 . 15 4 
 1 3 . 9 4 a 100 1 n 320 3 e 92 1 M 1 1 r 215 2 n 74 2 a 51 1 : 718 1 1 508 1 2 12 1 9 646 3 1 2 1 0 582 2 z 31 1 ; 1 1 3 19 1 0 28 2 . 107 1 . 129 2 l 5 1 g 71 6 u 3 2 y 13 1 . 52 1 f 0 0 E 766 2 3 30 1 4 522 1 3 44 1 s 5 1 9 6 1 n 3 1 2 1 1 y 43 1 2 314 2 g 78 1 s 40 2 1 20 2 s 220 2 c 14 1 m 1 5 3 8 3 d 2 1 c 107 2 r 1 1 g 1 3 r 1 1 . 29 3 p 493 2 X 268 1 r 8 2 v 278 2 g 32 3 s 941 2 n 440 2 a 18 1 . 603 2 d 68 1 " 14 1 " 1 20 s 25 1   1 1 ) 43 2 S 41 1 G 2 1 1 590 4 n 192 3 g 20 1 n 1 1 y 1 1 e 272 3 d 605 3 a 1 1 s 521 2 y 7 4 s 621 4 s 28 2 t 44 1 y 648 2 y 176 2 l 641 5 s 2 1 M 159 2 o 20 1 s 29 2 f 992 3 n 11 2 o 355 2 r 199 2 a 69 3 d 151 2 l 313 1 n 1004 6 N 317 2 t 56 1 d 81 2 . 278 2 p 272 2 X 38 2 e 1 7 d 265 2 – 28 2 d 3 2 , 5 2 y 703 2 o 40 3 d 1 2 : 22 2 . 42 1 : 1 2 f 2 1 n 5 2 t 393 2 / 1 1 D 1 1 : 18 1 N 161 4 y 0 0 C 95 2 e 1139 4 n 6 1 y 327 2 n 16 2 n 2 2 n 175 2 n 1 1 , 19 3 , 4 3 y 5 1 y 18 2 r 25 4 n 1092 3 . 5 3 – 147 1 : 12 2 r 86 2 G 1 3 n 10 3 n 18 1 , 84 2 h 46 3 d 383 6 y 5 4 t 2 1 l 400 2 d 473 8 h 12 1 r 330 2 n 8 2 d 6 1 h 1 9 r 248 2 . 17 3 y 97 2 , 34 3 n 7 1 r 169 3 y 1 2 r 2 2 t 21 3 : 161 1 , 177 3 : 166 2 D 26 1 f 734 2 . 928 6 o 1 2 d 1354 3 . 27 1 s 1 1 : 27 3 : 124 2 . 10 2 , 309 2 : 588 4 n 96 3 C 1124 3 : 6 3 : 6 3 s 1 1 m 18 1 o 60 1 . 44 5 . 248 2 d 1 2 f 318 2 n 1157 5 . 32 3 E 565 3 d 1 8 g 15 1 , 243 2 o 356 4 n 1 2 / 1 1 e 620 2 o 14 2 e 0 0 × 409 2 / 1160 2 . 118 3 : 12 1 N 1 14 e 34 2 . 98 2 : 111 5 : 1266 8 . 383 3 , 1 4 d 8 4 e 1 1 i 10 3 , 11 2 ) 638 1 N 530 1 , 4 1 , 36 2 4 34 2 c 1 4 . 144 3 t 51 5 s 29 1 o 149 1 f 744 1 r 684 2 r 738 2 s 46 3 . 149 2 f 23 3 l 33 1 o 276 2 ) 34 1 s 453 3 l 689 2 1 826 3 f 113 5 . 1 1 Q 257 2 . 482 2 r 113 2 , 28 2 e 511 2 e 803 2 s 740 2 t 2 1 d 49 1 1 59 2 s 726 2 5 65 3 . 703 3 . 512 3 , 42 3 r 841 2 n 412 2 t 44 3 . 809 1 n 1319 20 , 263 1 ; 36 1 , 1 1 r 39 1 d 881 4 ] 1149 3 P 7 1 A 1028 2 a 134 3 e 0 0 & 1 2 . 455 2 r 197 1 . 518 2 y 200 3 , 47 5 , 81 2 o 19 1 m 401 1 L 1089 3 
 933 3 n 235 4 d 488 3 I 166 1 ; 983 4 , 20 2 ; 41 3 : 42 3 
 1 2 l 115 2 
 59 2 f 225 2 o 822 2 d 1745 4 o 340 2 h 9 1 t 7 2 l 840 2 e 24 1 A 25 2 d 655 3 s 430 1 A 132 1 e 114 2 a 1823 2 a 802 2 e 1749 4 e 46 2 l 7 3 a 10 3 e 31 1 m 1580 3 e 31 2 n 3 2 d 593 2 e 261 3 d 779 3 f 2 2 A 229 2 l 428 3 f 2 1 F 132 2 e 24 4 
 8 1 x 380 5 , 1 3 
 392 7 , 390 3 f 362 2 n 2 1 d 740 3 t 1455 3 – 1264 3 l 11 2 D 487 2 , 857 2 g 923 2 . 1 2 f 154 2 r 5 2 f 344 2 n 536 5 ] 382 3 g 1 1 , 204 2 y 856 1 7 19 1 
 1160 4 t 1258 2 n 435 1 : 99 2 y 549 2 f 139 2 n 4 1 y 149 2 ] 4 1 d 1374 3 , 770 2 ] 1366 1 y 152 2 d 204 2 l 1 1 h 131 3 i 300 2 G 114 3 g 1159 3 ) 1723 3 & 58 1 f 236 2 n 535 6 r 1 3 e 506 2 e 27 1 C 306 3 t 966 3 & 1 1 f 55 2 
 9 3 e 1 3 f 1532 3 . 314 2 e 279 2 ] 1805 6 . 5 6 k 1065 3 c 1810 3 t 45 1 e 233 2 n 7 1 w 1316 5 d 51 3 n 8 2 D 398 4 , 85 1 F 14 1 0 1 7 ) 1 1 f 1 6 : 168 2 f 383 4 , 91 4 
 195 3 , 73 2 
 47 1 s 1265 3 y 143 1 T 5 1 G 407 2 g 8 1 ] 254 2 l 793 2 e 1801 3 d 0 0 + 577 2 d 82 2 . 448 2 r 246 2 ; 1636 3 § 408 2 , 1484 2 n 26 2 
 253 5 g 2202 5 r 1194 3 . 137 2 w 60 2 d 182 2 , 522 5 . 9 2 . 599 3 t 523 1 a 666 6 . 1 9 r 43 3 e 21 7 G 140 1 0 144 2 l 894 3 . 181 3 ] 2103 6 . 2083 9 . 711 3 , 9 5 d 326 4 ] 2044 3 l 572 3 e 427 2 . 92 4 . 1131 2 – 1850 3 e 270 6 ] 48 4 a 50 2 d 51 2 y 1587 8 ; 1123 7 ; 676 2 , 324 2 t 1057 2 ] 478 2 . 178 2 r 793 3 o 368 2 
 468 3 ; 294 4 
 583 2 . 129 3 C 424 3 . 1444 2 l 473 1 , 2127 1 1 4 1 2 4 1 4 1524 2 d 1 4 , 248 2 ; 46 1 ; 463 2 w 102 2 ; 1816 4 
 279 3 
 14 1 G 1 2 d 8 1 f 74 2 h 87 2 n 708 2 . 3 1 a 571 4 
 1418 2 , 564 4 e 444 3 . 82 3 e 444 3 f 2011 3 ; 261 2 9 2 1 w 110 2 : 29 3 A 703 2 : 149 5 g 1767 4 o 27 1 t 1785 4 , 183 2 0 1 2 d 157 4 e 1832 3 ] 1223 3 . 246 3 e 388 3 ] 803 2 e 3 1 k 433 4 d 37 2 f 50 2 ; 2285 2 6 1 1 5 4 5 8 723 1 e 96 2 , 81 1 , 992 1 6 10 1 1 402 2 & 12 1 m 453 3 y 1271 3 n 636 3 , 644 2 . 302 2 . 250 2 ; 322 5 e 662 2 e 2 1 y 107 3 
 16 2 y 1 2 
 1872 6 , 318 2 A 1 1 . 1297 2 , 1 2 : 435 4 e 2229 3 . 1323 4 , 221 1 e 95 1 y 342 3 e 1850 3 . 1400 3 ] 478 3 d 7 2 
 597 4 . 983 3 M 2074 3 e 1395 4 . 415 6 n 120 2 d 22 2 : 2591 1 – 311 1 
 2096 3 s 258 2 t 278 3 n 612 3 , 1502 4 y 657 3 d 1 2 i 315 3 , 17 4 r 17 1 c 115 1 y 549 4 d 1382 2 n 175 2 . 20 2 l 408 3 l 1227 2 e 971 2 d 6 1 A 2417 10 n 490 3 
 1006 3 d 516 6 , 1 4 – 1722 3 n 166 6 n 1 1 J 749 3 c 824 3 e 1282 2 n 1224 2 e 1 5 . 80 2 g 663 2 – 64 4 g 2560 25 . 285 3 l 720 2 e 123 2 
 49 4 s 1687 3 s 151 1 u 559 4 d 103 3 l 458 3 d 1059 8 l 1161 3 4 42 2 g 7 2 E 21 2 o 473 3 , 2669 6 g 968 2 
 1434 4 r 1361 3 f 35 2 . 2135 2 : 132 2 . 2871 2 3 1391 2 e 1 5 c 1 5 e 461 2 f 422 2 
 237 3 ; 843 2 h 1769 2 . 213 4 d 265 3 l 47 1 A 448 1 f 1076 3 & 287 2 ] 19 3 l 283 5 : 1124 3 c 980 2 ) 13 2 g 1 1 w 415 2 o 1742 2 T 558 5 
 55 2 A 4 1 c 611 3 d 361 2 l 222 2 , 73 1 , 663 4 , 2033 3 , 2406 2 
 905 3 m 686 2 g 304 2 a 131 2 f 7 1 o 1337 3 d 2464 3 y 1302 2 e 236 7 ? 1468 3 : 253 12 ) 8 7 : 22 8 : 695 3 n 1265 4 . 1538 15 . 6 5 d 252 1 E 1 5 m 2685 3 . 444 3 ] 147 3 p 1447 3 e 1701 3 a 383 3 e 2192 4 a 2738 3 . 849 4 f 6 3 e 3101 3 p 592 3 y 926 4 s 6 2 l 316 2 b 885 2 d 113 3 , 292 1 ; 2254 2 d 41 4 ; 2602 3 . 550 3 d 2084 3 , 664 2 . 199 2 e 814 3 h 1 2 o 1 2 m 1 2 t 279 2 n 2588 2 p 253 3 e 1316 3 g 139 3 u 38 2 i 7 3 w 971 2 n 982 3 . 26 2 r 2278 3 s 1053 3 d 18 2 r 33 1 h 2739 4 , 664 3 e 79 2 g 1172 2 t 324 3 g 932 2 s 1484 3 d 6 1 h 82 2 s 678 2 f 282 3 e 2192 3 n 295 2 s 1309 2 s 2431 2 f 811 4 n 189 3 s 2411 3 s 1231 2 g 441 4 s 466 2 , 805 3 y 1 1 m 1910 3 n 2469 2 s 719 2 e 482 2 e 149 3 g 133 2 , 1350 6 s 1318 2 s 49 2 d 27 2 n 37 2 e 191 2 o 89 2 y 2963 3 o 2181 4 e 228 2 e 85 2 h 1724 3 o 63 2 f 2820 4 f 94 2 f 123 2 e 2377 5 e 1047 7 g 989 3 s 228 2 l 2521 3 , 2458 5 d 2448 3 n 1576 2 e 481 2 r 2918 3 n 81 2 n 49 3 e 1944 2 t 2401 3 n 2402 4 y 8 3 s 238 4 u 47 4 t 1 4 n 1109 2 g 2 1 W 0 0 V 2692 1 ) 166 3 T 3 1 ) 84 2 w 539 2 c 54 2 d 1805 3 n 1 6 r 59 4 n 57 3 e 73 2 n 65 1 ) 193 2 ) 233 3 y 2999 2 f 185 2 r 7 1 f 936 3 d 3 2 r 1140 3 ] 2127 3 d 3133 5 y 44 2 C 906 3 e 39 2 t 271 3 s 9 2 l 338 5 e 409 4 n 221 2 o 155 2 f 135 3 , 175 3 s 6 2 s 5 3 e 316 3 m 263 3 f 215 3 s 75 2 l 944 3 d 668 2 d 89 3 0 2955 2 , 1 2 3 3255 3 l 397 2 n 1111 3 g 320 3 , 615 2 , 1 5 M 1 1 , 1 3 p 49 1 G 111 1 C 18 1 y 10 3 t 168 4 , 269 2 , 1670 2 x 117 2 r 59 4 , 496 3 s 157 2 e 471 3 , 1 4 D 33 2 ) 6 2 s 72 2 h 36 1 t 1206 4 e 409 2 a 1066 5 g 399 2 y 3222 2 y 1172 4 d 30 2 n 229 2 k 3281 2 g 152 3 a 501 3 s 816 3 s 1 3 , 1 1 ) 133 3 , 990 3 s 19 2 , 113 4 , 487 2 n 274 3 g 1263 2 D 4 2 e 1 3 p 1 1 n 261 4 g 34 1 ) 1 1 t 48 2 y 1210 2 y 143 3 l 1 1 8 19 3 e 675 4 g 21 2 t 2 1 m 2645 5 s 3601 5 y 279 3 , 455 2 s 8 1 t 338 2 y 3172 3 e 305 3 t 2246 2 r 2761 2 g 164 2 f 2257 3 , 59 3 n 1491 3 l 117 3 o 34 2 s 604 3 c 1 1 r 442 3 h 3679 5 n 3496 3 t 224 3 d 81 4 r 3357 6 e 400 2 s 48 2 , 176 3 s 1 2 a 30 2 s 739 3 s 518 3 e 403 2 r 3103 4 g 588 5 g 801 3 n 1 5 g 1111 2 h 3 3 h 1 4 d 1 2 h 1 2 f 87 2 d 296 3 d 2653 3 h 2364 3 d 438 2 h 3761 3 h 1077 2 d 74 3 h 1243 3 d 100 2 h 145 2 h 165 2 h 1 10 d 4 4 , 4 2 e 129 2 s 3041 4 r 314 2 m 109 1 c 544 2 a 9 1 ) 120 2 e 193 3 l 492 3 w 141 3 l 413 2 f 5 2 g 240 3 y 3531 5 , 7 3 e 13 3 e 870 2 f 1477 4 y 733 4 f 2866 3 n 3 2 l 2448 3 e 572 4 e 34 3 s 171 2 r 3249 3 a 405 2 e 23 1 w 2408 3 h 282 2 r 2210 2 t 1626 3 n 66 3 n 722 5 e 2519 4 e 29 3 n 1 3 t 2932 3 y 4 3 t 4 7 n 3197 4 y 3257 4 d 8 4 d 336 4 y 1255 3 o 346 2 n 893 3 o 9 4 d 58 5 o 14 5 s 2470 2 l 634 2 t 718 4 o 396 3 e 545 5 e 741 4 s 4 4 d 475 2 a 3472 2 l 2282 3 e 26 3 e 122 2 M 3421 2 s 283 3 s 31 3 f 1058 3 s 3 3 d 1 1 6 1017 4 o 1 2 a 1513 3 l 260 2 d 186 1 m 270 2 d 25 2 8 218 2 r 1045 3 m 23 2 d 746 2 r 1 1 8 2315 3 t 628 1 n 186 3 V 1572 2 e 380 3 n 1589 2 d 1 4 2 3 2 k 1 1 d 1 3 3 246 3 d 57 2 , 219 2 y 994 2 s 2140 6 n 16 2 d 354 2 , 3461 4 8 18 6 s 3 3 c 1513 2 s 734 1 m 276 3 l 787 3 m 7 1 ’ 1 1 n 1888 3 s 165 3 m 330 3 h 11 2 m 18 3 y 67 2 , 718 2 s 3731 3 y 3911 3 ) 42 1 w 21 1 g 90 2 r 945 3 l 540 3 l 1 1 m 41 2 n 565 3 t 992 3 d 1310 3 e 494 2 f 1010 3 n 1034 6 l 2099 2 f 335 2 a 3405 3 N 11 1 b 1 3 n 1178 8 o 2890 3 t 3679 2 o 1150 3 s 426 2 n 16 2 e 336 2 e 317 4 d 1182 3 d 1900 6 c 1113 7 n 1157 3 f 17 2 h 30 3 e 112 2 c 1054 3 m 81 2 h 299 6 o 4056 2 c 16 2 e 2806 3 M 1 1 c 70 4 o 72 2 o 206 2 m 302 2 l 63 2 e 71 3 e 3731 4 m 1113 3 e 3640 4 o 85 2 o 1012 2 e 748 3 a 1116 3 n 513 4 d 803 2 ) 83 2 C 1467 2 t 20 2 e 1054 2 B 1330 4 f 1 1 a 316 3 i 18 2 s 672 4 n 531 3 a 10 2 v 920 3 l 2779 2 o 1 2 t 499 3 y 175 2 y 94 3 c 622 3 r 808 2 g 918 2 G 20 2 r 1 9 o 117 2 a 19 1 P 483 4 a 169 3 c 9 2 c 118 1 l 1387 3 g 218 2 w 474 2 o 2893 3 e 508 3 y 7 2 r 1030 1 e 319 2 a 58 3 a 18 2 a 8 4 o 3220 3 l 64 2 a 1 2 h 14 3 h 244 4 s 14 3 T 1517 4 l 158 2 a 240 2 y 28 3 s 831 2 e 745 4 e 6 5 d 485 3 s 9 2 o 565 4 t 15 2 3 2070 4 h 616 3 y 5 1 a 2 2 a 1249 1 l 237 2 o 142 3 e 717 4 l 86 4 r 1022 5 s 45 2 f 231 2 a 1 6 e 3303 6 a 743 4 e 40 2 e 15 4 e 906 3 o 8 3 f 1032 2 f 128 1 g 409 2 a 1 3 o 7 2 r 127 3 o 79 3 e 2778 3 h 344 3 a 4004 4 e 578 2 C 263 2 l 1 3 n 2396 4 e 1220 3 a 354 2 r 985 3 g 774 5 y 381 3 d 473 2 e 547 4 e 924 2 e 1820 3 a 25 4 n 623 3 h 6 1 ) 457 4 e 312 4 t 1 3 c 1 9 e 3241 4 e 755 2 c 6 3 e 2723 4 e 2805 2 e 1 11 , 1909 3 t 176 3 f 405 2 s 71 3 f 137 4 e 1203 3 d 809 3 e 134 4 g 2003 2 e 918 3 f 11 2 w 318 3 s 1044 2 l 390 3 n 986 3 f 28 3 g 398 3 g 1 3 c 1 3 o 565 3 , 7 2 s 4059 4 s 105 2 o 32 1 m 30 3 a 350 3 s 473 2 c 804 2 e 904 3 d 573 4 e 1223 2 e 112 3 t 1176 3 e 107 3 g 15 2 t 3381 4 d 779 2 c 647 2 o 232 4 t 21 3 g 225 2 c 1 1 g 1443 2 s 75 2 g 6 2 l 123 3 e 2695 2 t 3469 3 s 17 2 h 80 3 d 100 2 a 2048 4 ) 1340 2 d 589 2 s 169 3 d 178 2 n 1555 2 h 891 3 l 485 2 e 1095 2 g 30 2 r 27 2 h 134 1 L 976 1 m 1 3 l 874 4 e 194 4 s 585 2 k 891 3 s 37 2 r 179 2 s 1645 6 s 1557 3 e 2569 6 a 295 3 h 1414 3 a 1569 6 l 479 8 t 346 2 f 1 1 4 1852 4 e 292 3 r 192 2 f 1078 2 A 1843 1 , 3710 2 , 375 3 e 112 2 y 22 2 o 190 3 e 230 4 s 61 3 o 413 2 f 24 3 e 162 3 e 210 2 l 120 4 t 1288 3 t 2474 14 . 3055 6 e 1426 4 m 1389 5 , 153 3 h 3916 4 : 1 2 r 1813 4 n 905 2 g 156 5 n 97 2 t 321 2 2 1060 3 o 25 1 C 3267 2 y 2342 2 e 56 5 r 1 5 y 129 2 , 1716 3 r 1018 2 s 1687 4 o 629 3 f 466 4 e 1058 4 e 473 4 o 1476 3 h 221 3 r 2 1 ; 59 3 t 1198 3 y 1993 3 f 1562 2 o 656 2 h 75 3 h 277 2 r 1096 3 t 946 4 s 112 4 e 616 4 l 186 2 r 2107 4 e 1441 3 s 2949 2 ; 54 2 ; 52 3 m 1 1 h 615 3 5 256 1 n 1706 3 n 605 2 y 1834 4 r 1 7 l 1228 3 a 863 2 e 3522 3 y 72 3 t 165 3 n 72 2 0 1478 4 t 1163 5 n 1544 3 f 136 2 s 1869 3 e 1040 3 g 342 1 f 151 3 d 1275 5 a 820 3 n 1317 3 Q 1 1 o 516 4 t 33 2 s 5 1 p 641 2 s 10 2 a 51 2 a 56 3 s 71 3 , 10 1 k 3427 2 r 258 2 s 1419 2 ] 3 1 k 474 3 d 2524 3 d 1424 5 s 9 2 r 2474 4 d 636 3 s 13 3 w 1722 2 l 380 4 d 14 3 l 244 3 d 894 3 h 707 3 d 2420 3 s 2771 3 e 1683 4 s 50 2 m 33 4 , 176 2 m 9 5 y 1533 4 e 4 5 n 871 2 o 10 3 s 4 4 s 28 4 e 754 3 s 9 3 e 188 3 ] 2439 2 n 394 1 d 563 3 t 693 3 t 561 3 g 382 2 3 429 2 o 536 1 g 1354 2 g 372 3 G 1839 1 g 1608 3 ) 85 2 s 324 4 n 216 2 n 408 3 h 2053 5 m 28 1 y 938 2 d 218 1 s 2290 3 r 378 2 s 295 4 t 611 2 l 1168 5 f 162 2 f 1879 5 y 2017 2 d 115 3 k 1161 3 a 101 2 k 287 3 s 1 7 d 2092 2 d 26 3 t 1057 2 e 157 4 y 1548 4 n 2692 5 n 2055 2 g 2207 4 e 949 2 s 768 2 a 1582 6 e 5 3 f 1 3 r 1 11 f 1634 5 e 1005 3 s 318 5 e 1997 6 e 1297 4 n 49 3 f 537 2 f 2082 2 l 35 4 g 205 3 g 4 3 d 37 3 o 1277 3 f 929 3 r 6 3 f 1 3 g 1 3 f 75 3 r 1888 4 e 18 4 n 600 2 a 1364 4 , 437 2 l 3178 4 r 1300 4 c 1152 3 f 1577 3 d 1691 3 f 1699 3 h 2385 3 m 85 2 t 601 2 y 757 3 s 2599 4 ) 269 4 ] 290 2 f 1580 3 r 919 4 , 1841 3 d 1920 3 e 2876 4 e 95 3 n 2023 4 e 2263 2 w 1 1 ) 7 2 0 4086 2 8 1138 3 , 1 3 
 1518 3 f 31 2 a 191 6 d 139 3 a 16 4 o 18 3 f 617 2 l 342 3 % 1 1 y 2624 3 d 3623 3 n 377 1 m 1169 3 G 75 2 G 13 1 G 221 2 d 159 3 l 2 2 s 2 1 F 946 3 d 41 2 o 10 2 n 252 3 s 230 4 o 356 3 g 528 2 o 13 3 o 182 3 y 2465 4 ) 615 5 a 134 3 t 456 2 s 313 3 n 2462 3 d 3575 2 , 575 4 t 375 4 d 1424 3 n 1503 3 s 2343 3 s 398 4 n 2725 3 t 169 3 k 2580 4 t 36 4 g 667 4 s 692 7 s 2 2 n 1134 2 , 6 2 y 73 2 y 12 3 n 19 4 e 109 3 t 1001 3 s 143 2 a 1987 4 d 1514 3 s 2120 2 d 636 3 l 2820 3 g 747 6 n 869 2 s 3466 4 y 483 4 o 191 3 l 981 4 n 3111 3 l 8 3 e 1 4 r 1 3 g 1470 3 o 1799 4 , 1072 4 c 521 4 g 96 3 f 36 2 r 635 2 o 418 4 n 3077 4 o 44 4 ; 342 1 ; 2186 4 e 649 5 y 1315 3 f 31 4 e 2981 3 e 2 1 6 3171 3 6 121 5 a 2565 3 s 1266 3 e 2534 4 r 2990 5 s 222 4 e 3432 4 ) 779 3 s 1620 4 e 2987 2 n 0 0 ® 569 3 E 1730 3 d 451 3 s 457 3 g 593 4 t 2158 3 t 116 2 l 429 5 n 1 5 f 2761 3 y 2116 2 l 378 3 h 468 3 y 348 4 h 502 4 n 2 1 C 7 2 T 2781 3 m 59 1 a 2910 4 n 14 3 g 48 2 h 1 1 W 838 4 t 3240 4 n 288 3 t 117 2 y 132 2 d 1845 4 s 3177 3 n 29 3 e 3163 3 a 170 3 n 94 3 o 2836 3 g 183 2 o 1441 5 e 2096 4 a 452 4 a 1881 5 w 2515 3 e 1078 4 e 522 2 e 1 5 n 50 2 r 321 3 y 646 2 r 2932 3 n 1572 6 r 2458 5 a 201 3 l 1087 2 t 737 3 d 41 2 A 371 4 t 1519 3 g 171 4 a 301 2 , 701 2 a 2194 2 e 2175 3 d 2331 3 r 1306 3 r 75 2 h 14 3 f 3047 3 h 392 2 d 107 2 a 1644 3 4 2702 3 g 41 2 l 102 2 e 1154 4 e 195 4 e 1661 4 a 690 2 s 608 3 a 1010 3 r 445 3 P 1 1 y 627 2 r 329 2 s 351 5 . 526 2 s 1327 2 e 51 4 a 229 3 e 545 3 a 286 1 e 56 6 o 1908 3 y 83 3 5 146 2 h 78 3 A 475 3 n 554 3 n 1 6 t 3934 3 r 0 0 Z 18 2 Z 132 2 , 57 3 f 815 2 e 794 3 r 47 2 c 59 2 n 925 3 l 2457 1 v 2540 2 c 101 3 y 86 3 o 261 6 a 156 3 r 693 1 a 2374 3 y 674 3 a 65 2 e 15 2 y 4 3 , 291 6 , 545 4 d 458 2 k 3436 5 e 35 1 3 539 1 n 3848 3 f 258 2 , 2071 5 f 95 3 y 1250 2 a 3360 4 o 1 2 , 248 2 t 202 2 s 1606 4 t 3707 4 A 1647 3 s 462 3 d 229 3 a 267 2 r 64 2 t 3234 3 r 877 3 s 236 4 , 1513 4 t 1430 2 e 166 3 A 1 1 s 2757 10 e 1105 7 a 1 1 A 161 2 r 70 3 e 65 3 e 2818 3 y 1050 3 t 1669 4 s 1489 5 n 700 2 s 404 2 e 299 3 n 409 3 k 64 7 d 1 2 m 7 3 I 1837 3 y 677 4 d 37 2 n 2691 3 e 7 2 y 341 4 g 194 2 t 825 5 y 1639 4 s 1 1 u 1 1 n 2430 3 e 135 2 t 84 5 k 95 3 e 1390 3 d 1772 5 e 701 4 g 2761 4 e 865 3 n 164 5 t 35 2 s 615 2 s 51 3 n 655 2 B 545 4 n 743 5 n 387 5 n 3380 5 g 33 3 n 735 3 k 3148 3 t 316 3 e 98 4 g 3069 4 s 654 4 y 115 2 t 1826 5 n 137 4 h 1064 4 t 524 3 r 1216 1 r 1576 3 t 1012 4 n 408 4 r 200 3 y 166 4 y 46 3 s 6 2 n 372 3 s 600 2 n 184 5 w 325 5 e 1592 3 e 3567 3 e 752 4 y 1916 4 s 63 3 l 2516 5 % 2193 5 n 3796 7 s 228 4 l 63 2 r 213 4 y 1013 2 l 980 3 a 3393 4 r 3434 5 g 1996 3 s 1233 3 s 1245 3 l 1 2 ) 2737 3 s 11 3 t 59 2 h 1184 3 6 3544 3 y 3909 3 s 1107 3 y 1192 3 , 1246 3 d 1 3 , 3945 3 y 1929 3 t 950 3 r 9 2 , 467 4 o 1702 2 f 3864 4 e 2591 3 Z 579 3 T 568 2 ] 506 3 t 575 3 ] 1529 2 n 0 0 / 1 1 o 610 3 n 70 2 ) 1082 2 e 4012 4 s 2684 2 p 2086 3 s 2303 6 e 1818 3 e 2469 6 e 1 7 f 1929 4 n 2897 3 s 1828 3 e 2784 4 s 806 2 . 1 10 A 1 1 d 3396 4 s 351 5 l 395 4 l 411 4 , 1652 3 h 0 0 S 695 2 w 747 4 l 2177 2 a 2709 3 e 1213 3 s 2778 5 n 424 3 w 23 3 r 1517 3 t 98 2 g 1797 2 e 733 1 o 337 4 e 1154 3 f 2024 3 r 34 2 p 811 5 s 82 3 d 146 6 n 477 4 , 2512 3 , 2 1 a 672 2 n 2006 3 r 145 3 r 2318 3 e 6 4 t 418 2 e 2927 5 , 824 3 c 709 3 r 370 2 m 2402 5 e 677 5 d 243 2 y 104 2 o 38 2 f 1504 3 r 1143 3 g 3495 4 c 155 2 s 310 2 t 1873 4 , 2205 2 o 132 2 ] 308 2 a 112 2 f 1422 3 d 1711 2 t 127 2 . 2620 2 c 3541 2 g 1532 3 d 4 2 h 1786 3 n 2242 2 e 2336 3 s 3316 4 e 752 3 l 580 3 h 3425 4 e 2282 5 e 2271 5 e 171 3 a 417 3 e 2447 5 n 1 10 c 1 5 g 3023 3 e 549 3 t 318 2 o 349 4 o 5 1 : 1337 4 d 96 2 k 3692 3 o 55 1 9 0 0 " 1951 2 o 1 5 s 246 3 n 1027 2 y 515 3 , 117 2 y 678 3 a 576 3 e 186 2 ' 759 3 g 368 3 a 2980 4 a 1238 4 o 1590 4 c 1 1 a 1401 5 c 3007 2 d 3375 6 e 320 3 s 942 3 r 1123 3 y 308 3 f 352 3 r 2302 4 s 1639 4 l 248 2 e 2687 3 o 370 4 y 643 5 o 386 2 l 2139 4 , 1260 2 r 999 4 n 927 5 o 129 2 r 3005 7 h 729 3 h 146 2 t 889 3 r 392 2 y 408 3 , 533 4 e 3865 5 o 3358 4 e 2995 1 , 46 2 a 2401 4 e 1 14 n 2170 2 f 1928 2 a 98 2 n 1336 4 g 1 3 n 5 9 g 18 3 y 377 2 o 1 2 . 1250 3 n 794 3 a 198 2 e 3519 3 l 1734 5 e 1 11 c 3338 2 e 669 6 f 234 4 c 39 4 f 111 9 a 2362 4 e 43 9 y 409 3 d 724 7 A 1 1 y 3504 6 l 681 5 l 2418 4 e 943 5 t 1712 3 y 2240 4 r 6 1 : 662 2 : 261 2 e 2989 3 y 3101 3 s 275 2 g 1525 3 o 145 3 o 1751 5 e 145 2 e 739 3 e 3557 3 g 313 2 f 702 2 e 3651 3 f 40 2 a 308 4 a 264 5 l 89 2 e 45 2 , 1545 2 g 211 2 b 625 2 y 942 2 , 169 2 n 657 2 f 1302 3 n 1475 3 e 3499 4 e 1584 3 t 1385 4 e 2761 1 f 277 3 e 2205 3 e 25 2 d 1392 5 e 590 4 a 1744 2 e 31 3 f 2418 6 e 1306 5 d 601 3 m 2426 4 y 448 3 e 709 2 n 2124 1 l 720 2 e 393 2 f 1789 4 e 1274 3 n 2632 4 e 1875 3 h 588 2 0 191 3 g 2983 3 G 16 2 y 3287 3 e 48 2 d 2553 3 e 725 2 g 17 2 l 51 2 d 8 3 e 1052 4 e 726 3 e 4048 4 s 559 3 n 420 2 y 746 3 o 656 3 s 205 5 r 3322 4 r 1112 3 o 192 2 y 66 2 o 176 2 a 50 2 p 1045 3 a 135 2 l 36 2 U 178 4 f 2570 3 s 1898 3 s 1 8 , 2670 4 , 1 9 s 14 6 g 42 3 , 1559 3 e 2819 6 A 1 2 e 2087 4 a 128 2 A 743 3 y 884 3 s 2097 4 d 613 3 c 685 2 n 546 4 ) 323 3 r 10 3 T 874 3 e 424 3 r 8 1 0 3042 4 t 2157 3 l 180 3 t 497 5 , 1293 3 r 3556 3 l 42 4 g 940 3 s 1 1 . 3782 3 s 307 3 r 1292 3 r 153 4 r 2136 2 s 1 3 l 3176 4 a 1500 2 m 2621 3 a 93 1 , 406 3 s 17 3 s 1497 4 g 256 2 d 1822 4 d 1256 4 m 1 5 s 22 3 e 3505 3 h 7 2 n 360 2 n 3096 6 f 848 4 f 3005 4 y 11 2 f 2957 3 y 686 2 d 807 3 y 1790 4 o 942 3 f 2577 3 e 3162 3 g 6 2 f 30 3 n 413 3 h 3271 2 d 2 2 y 3629 2 s 691 3 t 993 2 n 27 1 , 636 4 , 109 3 e 181 3 f 1136 3 t 536 3 g 1290 2 e 125 2 f 1022 1 , 337 3 s 20 2 f 44 2 g 1192 3 n 68 3 o 17 3 y 963 3 n 3546 4 e 9 3 g 85 2 s 57 4 , 1207 3 n 2597 3 t 1759 5 s 351 2 f 19 2 o 159 4 e 1845 3 r 2502 3 h 304 3 n 1795 4 n 124 3 d 33 2 e 1952 4 n 2660 4 r 110 4 r 1150 3 o 1591 3 e 2600 3 m 61 2 g 2959 2 m 1 2 n 145 3 f 2354 5 t 1041 3 o 10 4 f 75 2 d 1083 3 s 936 3 l 239 3 o 357 4 t 817 3 o 242 2 f 1293 3 f 1 4 o 6 5 m 1070 2 e 3287 3 e 50 2 g 50 2 y 1134 3 t 402 2 e 164 3 e 2245 5 s 251 4 f 153 2 t 783 3 f 81 3 n 91 3 r 2660 6 o 3026 3 s 26 2 r 3231 4 d 1771 3 e 1547 3 d 2264 3 , 2621 3 g 2409 6 ; 42 4 e 2680 3 , 1294 3 n 72 2 t 16 2 s 1757 4 e 3560 2 ; 39 4 , 1165 4 e 3924 3 , 70 2 , 136 1 o 11 3 . 2731 4 t 3585 3 t 903 2 0 1 1 5 39 1 0 1 1 - 3242 2 % 1 1 n 2047 5 k 2062 4 o 1026 5 d 3332 5 e 867 3 l 3123 5 d 728 4 a 1272 3 d 1344 4 d 481 3 h 1998 4 d 3911 4 h 3636 3 ) 2 1 " 450 3 n 3764 4 s 405 3 d 1 3 n 3776 5 d 375 2 d 1899 2 , 419 2 g 1373 2 n 1885 2 p 1545 4 t 55 2 m 626 3 e 1336 2 d 3217 5 r 2010 3 l 1997 4 p 1 2 r 1650 2 d 3927 6 e 3956 2 t 527 4 d 2277 2 e 1429 3 d 1609 5 e 3963 4 s 17 1 r 669 3 ) 1647 4 d 3023 5 e 23 3 a 802 3 d 826 2 A 1631 12 d 2321 5 n 34 4 r 1126 3 g 1522 3 d 219 4 e 883 7 r 5 3 r 762 3 d 3727 6 e 3842 4 d 986 2 d 3896 3 r 84 4 f 1007 4 a 41 4 a 2719 4 , 2343 4 , 840 3 n 3757 3 n 6 2 I 7 1 7 146 3 A 1 1 , 397 2 y 474 2 p 160 2 l 167 2 t 2 3 g 1368 2 e 1272 5 t 2168 4 o 3049 3 s 58 4 ) 3443 3 m 2308 5 e 3966 4 n 2677 3 e 3049 5 e 1825 3 s 2370 4 s 4049 3 e 2285 5 e 50 3 e 85 2 ) 2419 3 r 125 2 d 306 2 y 46 2 t 2524 4 l 3804 4 ) 124 2 g 142 2 n 605 3 e 509 4 d 743 2 l 975 4 e 2413 4 g 1477 5 d 266 3 a 1558 8 f 1549 7 a 1518 3 r 217 2 y 1279 3 e 3244 3 e 2280 10 n 1356 4 a 60 2 n 382 1 t 139 2 T 110 3 r 1065 3 t 1382 3 y 1298 3 2 15 3 f 333 3 l 745 3 e 2034 3 d 2066 3 g 2329 3 y 326 6 n 1 4 " 2088 3 ) 598 2 n 1423 2 1 1951 2 1 3401 3 g 2 2 d 77 1 ) 481 2 m 491 2 T 260 3 , 19 2 R 3923 4 d 930 3 0 148 3 t 1133 2 P 2529 4 y 2726 3 y 3183 2 d 2195 5 d 1216 5 , 3189 3 s 1317 3 n 57 1 , 1 3 l 4 3 ] 3 2 r 6 3 g 3 1 1 233 2 o 822 3 a 358 4 t 1476 3 r 305 3 t 864 2 d 3801 6 g 4076 3 , 802 2 g 1224 3 s 3295 7 s 227 2 , 408 1 o 1232 3 y 52 2 r 1290 3 e 1375 3 , 316 3 e 29 5 h 1545 2 , 106 3 m 952 3 8 3334 3 D 95 1 e 16 1 4 2469 1 s 3132 4 , 969 4 t 394 3 d 43 1 S 1271 3 l 4 3 e 118 3 t 1091 3 n 63 2 . 2856 4 g 2936 4 s 3904 3 g 1060 2 k 599 3 7 0 0 L 139 2 1 623 4 y 2884 4 e 0 0   1 42 
 16 15 0 1 1 6 1 1 9 1 1 0 926 2 5 1 1 0 1 2   1 8 1 95 1   1 1 e 93 1 E 229 2 t 885 4 r 224 2 C 1 1   1 4 2 1 1   1 2 5 1 3   55 4   1 13 5 21 2   1 23 : 1 2   180 1 7 117 11 7 14 10 9 71 4 4 195 43   1 145 o 502 3 C 1 1 Z 1 1 N 1 1 S 1 1 P 1 1 0 1 1 a 765 2 Q 1 1 n 21 1 7 526 1 F 1805 2 2 1 1 a 3783 2 . 4048 1 P 4 1 T 335 1 C 1 1 s 1868 2 n 978 3 3 699 3 e 1 1 T 760 2 Z 519 1 3 1 1 r 350 2 G 40 1 p 9 1 e 5 1 G 30 1 W 470 1 P 1 1 . 490 4 F 3434 3 e 388 1 1 0 0 O 5 1 T 1 1 C 2 2 s 26 1 M 22 1 l 11 1 5 73 1 3 3 1 P 67 3 F 69 2 C 507 3 % 746 2 T 8 1 9 13 1 e 568 3 T 424 1 F 2680 3 e 20 2 F 17 1 0 41 1 0 38 1 2 333 1 6 41 1 4 6 2 1 29 1 1 4 1 9 7 1 9 5 1 8 7 2 1 138 1 2 3 1 3 8 1 2 42 2 8 35 1 . 36 1 9 29 1 F 1 1 . 2 1 6 2 1 2 19 1 F 1 1 l 1 1 F 1 2 s 675 2 F 1 1 T 15 1 F 37 1 F 1 2 8 153 1 C 27 2 d 3 1 4 163 2 7 40 1 2 908 2 ’ 1 1 y 53 2 0 37 1 5 50 3 M 123 2 n 11 1 1 21 1 7 135 2 5 180 2 2 33 1 4 81 2 4 453 3 7 90 2 2 13 2 1 1 3 3 115 2 1 3878 2 6 123 2 1 590 2 4 27 3 4 1 2 t 475 2 e 12 1 ) 3298 2 ) 3111 2 ) 158 2 1 16 1 C 4 1 8 30 1 h 1 1 ) 174 1 a 2 1 3 1733 4 o 268 2 7 98 1 3 2339 2 n 1378 2 ) 1884 4 T 314 2 " 5 1 D 870 2 1 3738 2 g 831 2 s 0 0 z 4 1 k 1352 3 . 1 3 i 5 4 s 1 1 i 1 1 n 1 3 y 1709 3 r 358 1 a 12 1 o 203 2 . 3019 2 e 64 1 e 2223 2 n 55 2 s 1329 2 s 17 3 r 115 1 i 2996 4 o 65 2 r 332 1 s 63 1 Y 39 1 n 366 2 d 7 1 ) 1114 2 t 54 2 S 26 1 ) 3279 3 e 1168 3 6 10 1 a 1239 2 Q 85 5 z 20 1 o 1 1 i 5 1 l 64 2 y 61 3 u 1 1 y 1 1 i 14 2 z 37 1 i 167 1 C 3170 4 s 970 2 u 1524 5 o 1077 2 c 8 2 k 0 0 x 21 2 ) 70 1 . 1 1 C 3 2 T 1330 3 y 996 2 E 15 1 . 1332 3 2 1 1 r 2468 3 e 47 3 k 1003 2 . 1 1 y 3019 4 o 93 4 t 77 2 l 1 1 h 127 2 ) 56 2 7 194 6 h 164 2 A 21 2 s 1 1 P 2778 3 o 1634 3 1 160 4 n 3406 3 ) 6 1 c 163 2 t 87 1 h 1480 4 s 1136 2 9 78 2 3 1780 2 o 54 1 ) 13 1 P 1 1 l 27 1 8 11 1 x 1283 2 ) 1491 3 1 186 1 g 1348 4 g 2377 3 . 52 2 s 1105 2 y 1030 2 n 149 3 s 168 1 3 1815 4 e 1311 2 . 12 1 " 3187 5 s 1912 4 r 47 1 " 1072 2 9 3472 3 g 15 2 r 629 2 . 1 1 d 973 2 m 1 1 . 162 2 s 1467 2 g 1417 4 y 1476 3 g 50 1 2 91 3 s 574 3 ) 168 2 s 3443 4 e 2103 3 g 67 4 . 12 2 n 7 3 t 543 2 p 3752 2 s 1 11 a 3916 3 ℵ 206 3 n 2942 3 s 3315 4 e 1190 2 . 141 2 d 2215 3 n 1 2 m 129 3 g 210 2 ) 1951 3 . 1795 3 s 16 1 g 1323 3 s 209 2 e 14 1 n 3686 4 ’ 1 1 e 524 3 y 498 2 g 123 2 3 508 2 n 51 2 t 1919 3 . 382 3 . 1 1 ’ 1 1 2 237 1 8 1 2 1 1 2 5 557 1 ) 1628 3 3 258 1 l 2 1 n 646 2 d 1 6   29 3 5 602 2 9 623 3 2 219 1 0 0 0 [ 816 2 8 733 2 1 611 2 1 404 1 2 723 2 5 685 3 G 2925 2 e 3 1 1 30 1 2 1 2 9 1 1 C 639 3 7 7 3 3 3 1 8 322 1 G 1 5 1 919 2 9 20 2 0 324 2 8 1 3 2 98 3 8 31 2 D 366 2 T 1349 3 . 2094 2 o 449 2 . 38 4 e 3371 5 U 1 2 S 0 0 	 1 7 t 26 1 6 1884 3 t 3149 2 k 3079 5 e 1815 3 e 955 2 k 1 1 T 1337 2 0 67 1 w 3225 4 n 450 3 l 35 2 o 33 2 o 1347 3 0 1 4 2 131 3 0 906 2 3 152 2 4 15 4 e 3017 4 a 3898 3 t 373 3 h 3055 3 A 0 0 μ 2091 5 l 3513 6 h 330 2 l 554 3 S 30 1 u 1 2 m 3439 14 p 1 1 e 843 2 n 2635 3 g 413 2 m 1 1 l 167 2 l 810 4 l 3643 2 l 219 1 l 3571 4 n 368 3 s 531 3 y 161 2 p 371 2 ) 682 2 m 551 2 ) 1590 3 ) 1668 2 r 114 3 s 3779 4 9 293 3 3 3 2 s 5 2 1 6 2 5 180 1 4 1466 3 y 931 3 c 5 2 1 266 2 3 974 3 5 1 1 9 19 1 ) 980 2 2 37 2 3 108 1 6 8 3 5 19 2 6 25 1 R 191 2 6 1 1 Z 991 2 5 1 3 R 1 1 3 380 3 3 18 2 9 1723 2 7 986 2 2 67 3 5 14 2 m 1 1 7 1 2 e 1761 3 ) 5 2 ) 1 8 h 7 6 m 4 3 y 143 2 ) 1 3 l 1919 2 ) 1 2 s 176 2 L 394 1 T 1311 2 C 8 2 l 1099 1 K 0 0 V 81 1 F 6 2 J 183 2 p 1 3 g 3 2 y 712 2 p 792 2 e 208 3 d 2529 3 w 506 2 z 916 2 l 17 2 a 1 3 o 1 2 E 170 1 s 13 1 p 828 3 o 647 3 e 49 3 h 2 1 l 256 2 p 22 1 p 15 3 X 3 1 " 617 3 1 1 1 a 1 1 6 1 2 n 3728 2 g 3 1 " 808 3 ) 1415 1 ) 1857 2 | 4 1 C 27 3 a 2132 3 g 831 1 S 8 2 ) 2211 2 ) 28 2 m 3 1 P 1 1 9 8 1 I 180 2 y 1777 2 B 4020 4 s 4 5 n 1090 2 " 15 1 B 1 1 " 84 1 e 89 2 s 533 1 D 154 1 M 199 2 " 60 2 C 1388 2 s 148 2 4 64 2 s 22 1 3 14 1 a 907 3 ) 901 4 0 1 1 s 326 2 S 1 1 ) 33 1 G 1 1 ) 962 3 1 36 3 L 1 1 " 3202 4 n 825 1 a 109 2 ) 32 2 S 657 2 2 45 2 S 1 1 d 2591 2 J 16 1 M 53 2 g 48 2 " 167 3 ) 1871 2 3 77 1 9 632 2 1 308 1 0 1555 2 4 413 1 8 7 1 1 2 1 x 930 2 " 596 3 n 949 2 s 185 2 l 68 2 l 791 3 d 255 1 d 2500 4 s 451 2 ) 1 2 " 1 1 c 12 3 4 183 1 C 331 2 S 1 1 D 1 1 P 716 2 A 1 3 h 862 2 S 1 1 W 1 1 ) 177 1 J 1 1 n 42 3 3 169 2 ) 938 5 s 6 1 J 1 1 Y 1 1 C 366 4 l 1315 2 ) 140 2 m 4 2 T 1 4 e 1117 2 d 333 4 ) 375 1 n 556 3 s 61 2 J 1 1 9 1503 2 0 167 2 L 78 3 n 88 2 D 401 1 P 1 2 " 55 2 J 1 1 g 10 1 K 1 2 1 496 2 R 1 1 1 1 1 U 529 2 C 365 2 4 164 1 1 1143 2 g 29 1 8 697 2 A 322 2 3 368 2 2 557 2 3 9 1 H 30 2 J 1 3 1 44 2 D 1 1 R 1 1 " 4 1 k 2503 2 ) 108 2 e 736 2 n 1306 3 r 10 3 E 1 1 J 2897 2 9 248 3 g 199 4 c 1659 3 e 1619 2 3 1363 4 m 2941 3 n 76 1 c 3379 5 e 2357 5 a 1 1 T 136 1 ) 237 4 s 299 2 y 182 3 s 2749 3 m 69 1 Ö 1 1 ) 307 3 n 1658 2 d 2941 2 J 1852 2 A 1 1 C 1 1 8 7 2 e 140 1 X 1 1 G 1 1 D 1 1 J 170 2 g 657 2 1 1016 3 9 1656 3 8 171 1 8 133 1 H 7 1 t 29 1 F 87 1 a 2803 4 r 762 2 s 734 2 r 339 2 " 26 1 g 56 2 g 1576 3 ( 1 1 d 1 3 C 1 1 U 1 1 J 1 1 R 1 1 g 1 1 W 1 1 D 1 3 S 1 5 c 23 2 J 97 2 T 11 4 e 3307 3 g 1 8 J 5 4 W 6 1 . 1 1   61 1 P 651 1 2 6 1 E 9 2 2 273 2 3 1770 5 1 9 2 2 1 1 7 5 2 0 1096 2 0 1006 4 0 1 12 . 70 1 j 5 2 C 1 1 5 1576 2 4 38 3 2 50 4 4 1 3 P 119 1 L 100 2 0 827 2 2 25 1 H 1 10 2 30 3 4 31 5 . 527 2 1 48 3 7 9 2 1 39 1 3 2 1 5 110 1 9 1 1 Y 571 1 H 48 1 I 54 1 H 418 3 R 2 1 G 660 2 O 184 2 D 8 1 J 2 1 M 70 1 K 185 2   550 2 g 232 2 4 1 2 e 226 1 a 1 1 M 11 1 0 460 2 t 345 2 n 60 1 t 10 2 s 19 1 B 1011 3 a 3073 4 3 533 2 6 1 1 e 1551 6 s 2960 3 a 9 3 ) 717 3 0 716 2 s 2668 4 y 1059 2 c 858 2 t 1622 2 n 3401 4 g 1886 4 b 1 1 e 1243 2 l 10 2 w 1 1 i 910 3 e 1 21 s 1 1 w 1 1 b 40 3 s 3741 5 e 1 1 w 1 1 l 939 7 w 107 2 3 82 3 s 1 4 c 1 1 7 927 2 n 1593 3 o 697 3 s 2342 8 : 1 22 6 252 2 b 1 1 7 365 2 A 3890 3 h 1873 3 4 315 1 O 1451 3 9 22 2 9 1 6 / 1 3 3 573 3 e 3965 3 s 1894 2 k 572 3 l 1458 4 e 3913 4 / 1 1 e 932 2 4 329 2 d 1 1 / 1 1 t 1 1 / 1 1 m 1219 2 a 648 2 t 11 4 g 1 1 / 1 1 s 23 3 g 8 3 / 1 4 u 1636 3 9 367 3 0 1 8 4 2 2 2 446 7 7 1 1 8 1 1 0 108 2 6 1627 2 6 1 1 4 390 2 . 439 3 2 1061 2 0 31 2 - 9 2 0 2847 3 0 1 3 5 623 2 0 1 3 8 19 1 8 2397 3 1 1661 3 7 6 4 1 1 16 5 526 11 5 549 3 0 1 5 1 80 2 2 4 4 2 79 2 2 42 8 2 1 5 , 4 3 0 2942 4 8 36 5 2 1 4 0 5 9 2 1 6 1 55 3 2 141 2 - 1719 2 2 1 13   59 3 : 93 2 2 1 70 1 18 17 0 114 1 2 22 3 0 416 1 8 1201 2 7 1778 2 0 1750 3 0 1533 2 0 1858 2 0 26 3 - 305 2 7 1230 2 0 18 2 1 1619 2 : 295 4 0 231 3 8 283 2 - 27 2 0 4077 3 0 1907 3 9 324 3 0 12 4 5 1916 3 1 29 2 0 813 9 - 78 5 7 281 4 1 270 8 8 6 3 0 2 3 7 2 1 ‘ 1 1 3 1 3 6 104 2 4 2667 3 1 2650 3 7 347 6 8 14 1 8 2009 2 8 100 2 6 10 1 7 2061 2 5 119 2 . 1 3 
 1 1 . 4 2 . 1 3   438 2 0 89 3 ( 2 1 3 49 3 - 61 2   955 2 ( 425 4 3 23 2 9 9 1 2 1 1 ( 1 3 6 51 2 0 3 1   3297 3 6 78 4 2 335 2 8 454 2 2 90 5 7 88 1 5 6 3 1 124 2 5 3213 2 
 79 4 
 5 2 
 3375 2 
 6 2 : 49 3 0 3357 4 : 422 5 : 1 18 0 0 0 ~ 1 1   3268 12 . 576 3 . 73 1 / 1566 3   149 2   224 8 – 23 3 3 74 2 [ 1 7 0 85 4 0 300 4 - 276 8 – 59 5 . 1 5 — 47 2   3 1 1 278 3 7 50 4   27 3   38 7 ( 58 2 - 1 2 5 1145 3 . 3 1 / 8 1 ~ 123 2 . 576 4   202 1 ‘ 1 5   42 1 C 1 3 1 332 2   100 5   54 2 ( 273 2 0 1 14 T 1 3 2 25 1 , 1 3 [ 1 5   36 3 6 135 2 8 52 5 [ 16 3 ( 80 3 0 3612 3   285 1 – 202 2 – 7 1 . 70 2 - 1 1 	 1 1 e 82 4 0 27 6 0 441 3 2 68 2 – 157 5 ( 1 4 0 35 2 1 40 2 – 46 4 [ 9 3   38 2 1 51 2   432 2   32 2   127 14 3 3213 2 1 698 4 2 417 3   1 2 C 306 4   69 3   7 3 ( 321 5 ( 18 5 . 12 5 - 3434 11 2 3712 4   32 4 ( 35 3 ( 16 2 [ 485 3 1 2650 2 n 438 2 e 3170 3 4 3 2 7 506 2 5 113 2 6 312 3 [ 1 3 3 1 3   521 2 
 543 5 . 550 5 v 1 1 2 2290 2 1 687 3 - 1 1 7 65 2 & 8 2 ( 1 1 5 415 5 0 3 2   83 2 1 202 3 1 520 2   251 2 5 17 3 9 575 2 3 2678 3 5 1067 4 1 450 3 8 746 3   365 2 3 60 2 . 84 4 1 5 3 1 45 3 9 353 2   29 2 ( 128 2   493 3 , 1 1 1 6 1 G 165 4 G 3 2 / 167 5 ( 579 2 - 6 2 . 180 5 ' 402 6 ( 23 4 ( 7 4   3952 5 ( 249 6 . 263 6   3898 10   239 5 ( 28 4 / 1 1   1 16 ( 55 5 . 74 9 : 33 16 2 1 1 – 155 2 . 149 2 [ 230 3 - 864 4 4 419 3   462 3   1 2 [ 583 4 2 1703 2 . 1301 2   1864 2 [ 19 3 4 4 1 – 34 3 2 587 2 2 273 4 [ 326 3   279 3 . 254 2 [ 4060 8 0 228 4 2 723 5 [ 184 4   338 3 H 4 3 8 351 4 1 19 1 . 443 5 e 1658 2 1 444 4 - 83 2 " 510 4 7 304 1 – 372 2 – 97 2 2 66 4 3 3 2 5 27 4 [ 100 2 : 440 2 C 1 1 6 92 2 1 84 1 [ 742 2 3 82 3 [ 58 2 . 974 6 v 1 1 7 51 2   96 2 - 1794 1 2 107 3 P 563 3 P 10 2 P 1 1 ( 976 2 7 633 3 0 438 4 ( 136 2 P 1047 2 P 122 1 6 3 1 5 1944 5 1 969 2 - 1123 4 1 3825 3 1 3912 2 9 469 5 8 1007 2   164 2 
 506 4   1508 3 9 1 2 , 137 1 7 190 5 - 132 2 1 87 2 [ 3869 3 7 2809 3 5 587 3   49 5   846 2 [ 286 4 4 698 6 4 252 3 5 1250 2 5 1616 1 – 15 1 [ 1134 2 2 641 3 [ 1143 2 7 1 1   87 2 – 5 1 [ 272 3 2 192 2   1320 5 P 1 1 [ 1 1 7 1097 4 6 2873 3 [ 3236 4 1 1106 2 0 374 2 2 1 2 . 1101 4 
 70 2 - 802 3 - 165 2 9 257 2 6 878 2 1 141 2 1 198 3 – 519 5 6 58 3 0 160 3 3 244 2 8 163 2 7 2983 2 3 428 3 6 53 3 
 1 2 7 7 6   2926 3 0 1237 2 6 35 3   6 2   176 3 [ 145 2 9 146 2 4 898 4 9 20 3 9 75 1 - 342 3 0 146 2 [ 170 2 e 939 4 ( 339 4 1 81 2 [ 31 2 7 1470 2 3 712 2 [ 2492 2 [ 1761 2 2 216 2 1 486 3 [ 11 2 [ 30 2 [ 1 8 2 3 2 5 16 3 3 4 3 - 228 2 7 111 1 1 2217 2   384 3 9 311 2 9 110 2 2 1565 6 ( 4060 3 ( 1353 2 1 1405 3 7 1052 2 6 6 2 2 318 4 4 297 2 6 451 2 – 616 2 1 1551 4 2 586 2   990 3 [ 146 3 0 0 0 _ 203 3 6 118 2   12 2 9 154 2 9 252 2 8 92 2 8 797 2 0 149 4   950 3 [ 23 2 7 112 2   203 3 6 254 3 [ 216 2 1 127 2 - 189 2 n 183 4   877 3 1 363 2 . 1195 3 2 1791 6 [ 1 1 4 1945 2 5 994 2 3 1341 6 ( 130 2 
 3227 3   746 10   309 2 4 323 3 2 395 2 9 940 4 ( 470 2 1 1128 3 1 234 2 0 3571 4 8 1544 4 - 401 2 6 157 3 – 1176 2 – 409 3 6 130 2 9 444 3 1 3315 4 0 2070 3 [ 152 2 2 133 2 . 267 2 2 67 2 [ 275 4 2 27 4   690 2 1 11 1 	 1225 2   497 2 2 708 2 9 234 2 [ 2199 7 9 9 1 – 283 2 [ 108 2 9 9 2 1 2 2 6 318 4 1 2499 3 [ 335 6 5 158 1 0 71 3 1 63 3 8 9 3   270 3 6 2 2 ( 660 5 ( 495 3 0 308 2 1 2164 4 - 219 4 6 1765 3 5 143 2 8 322 3 8 687 3 9 1328 4 s 323 3 9 380 3 9 94 2 9 142 2 9 1 4 - 1829 5 [ 3003 3 2 2331 5 3 420 3 5 412 3 ~ 1 1 3 246 2   1 1 Z 1 2 8 1742 3 9 1 10 7 36 3 5 47 3 9 8 4 3 135 2 3 6 2 [ 502 3 4 2753 3 [ 1 3 
 114 2 9 380 3   162 2 7 113 3 4 2199 3 8 98 4 7 1941 3 8 82 2 7 138 2 3 1 2 4 3112 3 8 24 3 6 855 4 5 1374 2 7 24 3 7 2009 5 9 2794 2 - 1286 2 9 17 3 8 1750 3   1946 2 1 721 3 2 4 1 - 869 3 2 952 3 - 152 2 h 342 2 . 2083 3 5 131 3 9 1 4 4 879 2 7 139 4 9 7 2 4 2529 3 3 756 2 3 633 5 6 144 2 5 144 4 9 287 2 5 491 4   938 3 9 229 3 3 1 1 ( 459 3 0 491 2 6 1011 3 9 1013 4 0 212 3 7 3723 3 8 84 2 1 1 8 0 2094 3 0 1708 4 0 454 3 0 108 3 6 3974 9 9 74 3 5 2825 2 1 4092 4   94 2 9 150 2 1 288 3 0 11 2 4 1 1 – 1728 4 7 1503 3 1 3 3 6 11 2 3 2078 2 9 82 8 7 23 4 1 91 5 2 1113 4 9 1545 5 9 2531 12   1499 3   1383 13 7 2296 3 1 321 5 2 2527 8 - 2313 3 9 57 5   2052 9 1 1059 4 8 1171 3 9 2659 4 0 2180 4 [ 1 3 4 726 5 6 2805 3 7 2773 3 a 1 1 L 3921 9 ) 1 19 4 1 1 ) 1 6 s 3808 2 g 3112 1 y 2826 1 g 506 2 o 3454 3 1 3063 3 e 2854 3 k 3667 3 n 15 2 s 3050 4 n 1 2 y 3093 2 1 149 2 o 3521 2 y 12 2 ) 1 4 e 3872 1 r 6 3 p 1 5 s 1 1 p 4 9 p 6 4 2 548 2 5 3024 2 i 1 16 2 3067 3 4 1438 3 . 69 1 . 1 1 u 2 1 l 73 1 . 1 2 n 99 2 n 2910 1 . 1 1 d 3 3 n 3 1 m 96 2 m 1 1 g 10 3 l 131 3 g 104 2 G 278 4 " 3228 1 " 1537 3   3 1 
 3 1 M 3 1 " 16 3 
 2 1 	 840 3 N 1 1   1 3 	 1 1 
 1 1 T 11 2 T 325 11 L 1 2   2366 7   1607 4 ( 2075 3 L 3327 2 S 3283 1 L 1 1 S 6 1 L 12 1 A 1 1 ( 3994 2 M 49 1 ( 9 1 B 1 1 R 1 1 B 4 3 R 1 1 S 1 1   1 1 r 1 1 ( 1665 1 F 1 1 T 2117 2 F 1 3 L 67 7 " 15 1 N 1331 3 y 1803 13 " 136 3   1 19 	 138 3   181 1   167 4   34 7 " 2551 3   1012 5   32 4 	 10 2 ( 1926 8   55 10 	 33 4 n 1 2   20 10 
 66 8   239 4 - 244 5   3 1 N 1 1 M 1 1 1 18 4 M 195 2 ( 8 4 B 1 1 I 3709 6 S 1 8 1 22 3 E 27 4 n 79 3 	 146 3 1 2338 4   310 4   1 25 - 2331 12   1 20 F 1 1 M 311 2 E 300 2 P 0 0 V 1 1 A 4 2 P 1 1 A 8 2 P 22 2 D 1 1 V 295 1 V 16 2 P 27 2 P 2 1 T 33 1 P 6 3   350 3   2415 5 V 11 3 B 61 6 O 1 1 - 14 1 3 1 3 F 899 3 I 184 3 L 259 3 V 2 1 C 1 1 P 1 5   2487 4 
 239 7 T 3920 4 D 1 17 ‘ 2702 2   272 11 
 385 21 
 23 6 e 387 3   353 13 
 359 6   42 15 
 451 20 	 39 5 " 39 6   45 6   64 16 / 2369 15 s 1882 6 
 43 4 k 1 2   17 2 " 22 4 s 3761 5 
 22 3 V 228 1 I 1 4 N 609 1 N 2 1 V 3982 2 C 65 2 C 8 2   1 19 G 751 5   331 1   2 2   3 1 ( 679 3 ( 2523 9 I 302 6 P 1 22 C 357 2 H 93 2   605 4 
 111 2 A 52 2 P 14 1   2545 6 
 202 10   659 7   232 5 
 260 5 
 12 2   265 12 ( 265 14 a 52 7   1 6 n 926 1   459 1 
 20 1 " 81 11 
 1 5 V 206 2 
 632 4 T 3 1 N 2 1 E 1 5 T 2 1 F 2 1 R 5 2 E 653 4 1 188 1 
 2 1 E 1 13 I 1 13 D 1 2 P 1 39 H 42 1 C 86 1 e 1 1 M 648 2 G 105 1 R 56 1 H 1 2   1 3 d 1 2   1 10 e 511 3 / 1 3   766 5 	 4 3 
 241 4 
 936 13   529 17 	 133 3 O 82 1 F 314 1 I 142 4 D 1 1 I 647 21   673 3   1 5 R 1 2 A 36 1   301 1 " 303 2 E 1 2 m 798 2   2828 2 
 553 7 
 7 3 " 972 11   1 24 
 386 7 
 315 4 E 1 3 O 793 1 E 1 4 N 296 10 N 311 14 E 1 1 ( 1083 8 . 13 5 A 537 4 	 1 3 ( 1 1 / 3107 5   971 5 ( 10 4 " 483 5 	 667 9 
 822 20 
 24 23   1187 13 E 15 5 0 3569 5 5 1 1 . 2139 3 
 352 2 / 1722 6 . 607 5 e 514 3   38 3 V 1440 5   563 5 
 3830 5   360 3 
 4 4   643 11   881 12 	 620 7 	 1 3 " 19 11 	 51 2 I 356 2   86 2 M 1 4 U 499 1 / 813 17 G 153 1 D 404 2 I 116 1 T 1106 2 D 4 1 S 5 1 S 1725 1 T 1 1 Z 6 1 U 855 20 3 1133 2   1 3 Z 0 0 X 698 5 	 140 10 " 141 5 
 1389 12   182 4 
 176 5 
 25 4 
 1516 21 
 38 5 
 333 14   9 16   0 0 K 2233 2   1 27 " 367 9 ( 1113 6   1712 5 ( 383 14   438 19 n 1 2 . 16 9 P 132 16 A 273 1 T 685 4   5 1 S 3 2   1470 4 A 1749 4 V 29 2 E 905 2   112 6 S 572 4 ( 774 5 ( 110 9 
 188 9 
 1302 15 	 1072 6   3263 1 t 1 1   4034 2 
 37 11 	 28 4   274 4 	 17 6 
 30 7 - 153 3 P 1504 3 A 1 1 C 3 2 B 3 2 A 8 2 C 4 4 C 3984 7   27 1 W 1 1   1553 2   9 3 ( 147 5 E 1552 6 " 638 10 
 652 9 " 1399 6 " 1256 2 C 381 5   701 9 
 14 6 p 1 1   1881 15   354 6 ( 21 6 " 425 17 
 208 5   14 10 
 315 5 A 8 3 S 2092 2 B 1 13 O 205 1 E 313 2 C 1031 7 A 1 1 1 1067 2 I 169 1 S 1 10 A 1 1 O 31 2 I 438 15 
 543 14 ( 20 10 ( 755 8   1 2 S 2 2 R 1 1 C 1105 2 C 63 1 T 3 1 U 41 8 " 1 3   2039 3 " 74 8   836 3 
 14 1 I 2281 3 I 3 2 L 3 2 S 110 2 N 5 2 . 95 11 I 127 2 M 1 11 L 1893 2 L 1 3 A 7 2 D 520 4 D 353 5 ( 1 23 T 47 1 J 1 5 M 1 2 J 7 4 J 12 5 J 9 3 M 1 10 J 1 3 P 120 2 G 1 3 P 210 7 I 115 2 R 404 1 A 3939 2   216 4 - 2336 10   839 5 
 1025 7   1113 16 ‘ 1 1 1 2215 2 n 730 24 
 1461 5   1077 5   861 19   1 12 N 2565 6 A 1018 2 T 1 1 A 387 1 S 1 3   393 2 R 1 1   141 7 B 1457 6 C 1 6 I 176 2 P 158 2 / 611 2 F 201 1 o 1 1 G 1 3   964 14 " 1115 12 G 1993 5   32 4 ( 807 4 	 2502 9 
 1857 6 
 1630 7   20 7 ( 1246 18   1 31 N 459 2 T 500 1 E 1832 2 R 144 1   1218 2 W 10 1 H 34 18 . 483 7 D 213 3 J 38 2   1849 14 I 572 2 C 687 2 S 2749 3 b 1 1 ( 1 1 b 1 1   33 4 S 1 1 6 4032 3 - 1892 3 A 28 2 A 886 4   1493 18 1 100 11 y 1 2 
 1578 8   1854 3 
 204 4 ( 2591 15 - 2596 12 - 444 25   1336 6   265 5 
 285 6 
 755 5   1 15 s 6 5 l 44 3 / 2153 5 a 314 15 B 783 2 F 4 1 C 1 6 - 4 3 W 15 2 C 1 4 W 3 2 T 465 2 / 1489 6   479 2 - 141 4 V 59 2 B 4037 3 5 2795 2 T 1 1 I 28 1 U 660 2 A 525 2 C 1 1 S 813 2 / 310 1 - 17 1 / 535 4 / 825 3 I 41 2 H 2160 5 n 3287 3 e 2599 16   2110 5   1289 16   907 4   3028 4 " 210 8   6 6 " 664 10 
 1297 11 
 2655 10 
 2397 5 
 299 20   45 7 
 2766 18 u 3365 1   2558 3 B 723 4 0 651 3 Q 738 2 O 318 2 
 468 4 - 390 5 
 371 13 	 1099 10 	 380 9 y 521 3 T 509 4 E 2 2 E 519 3 D 2238 7   3333 2 - 169 9 t 1479 6 " 464 9 
 2 2 y 2 1 ( 283 1 
 1508 4   1840 5 Z 1 3   570 5 . 1092 6   1359 6 
 10 4 – 2292 2 " 500 4 – 1001 6   450 1 
 515 6 w 1282 19 
 245 7 / 8 3 r 392 3 X 1930 3   772 6   3509 9 Q 1 1 L 138 1 L 7 4 K 930 1 - 1213 4 L 2511 5 A 2 1 p 98 1 - 108 3   872 4 . 1 1 ] 1 3 . 793 3 ] 1 1 	 14 2 ] 11 2 	 6 3 , 6 3 , 10 5 ] 7 2 . 822 4 ] 8 3 . 6 2 . 48 4 . 11 5 ] 4 2 , 12 7 . 27 6 3 2 2 , 39 5 . 1 9 ) 1 1 ] 40 5 . 4 2 . 37 4 	 113 3 . 19 8 . 45 7 ] 369 4 ] 1 4   13 2 	 117 4 ] 41 5 ] 154 4 	 16 6 4 1 1 6 3312 2 1 3974 1 5 3974 1 0 4 1 2 1 1 4 4000 2 9 4049 2 0 18 1 1 1 1 4 1 2 3 8 1 4 9 1 7 19 1 9 13 2 8 1 1 7 1 1 5 1 3 6 1 1 9 14 2 6 46 2 0 1 1 2 24 2 2 30 2 4 10 1 4 54 2 2 46 2 4 1 1 0 47 3 4 40 1 3 1 1 9 2 1 8 38 1 0 3920 2 3 6 1 6 21 3 8 4074 2 0 1 1 8 55 2 4 68 2 4 3412 3 4 1 1 5 71 2 8 25 3 1 92 4 2 1 1 1 15 1 1 47 2 9 1 3 1 113 2 0 9 1 7 46 2 7 118 3 5 24 2 3 16 3 8 35 3 5 1 4 9 48 2 6 133 2 7 57 3 8 1 2 4 495 3 v 1 1 t 1 1 i 1 1 t 4000 3 t 9 4 i 1 4   924 1 r 807 2 t 524 4 t 24 6 t 1 10 l 39 5 n 2 1 h 2 1 d 2940 2 i 2 3 d 3 2 y 25 8 t 1 5   1883 4   1890 6   2104 5 i 24 8 t 35 8 t 1 32   1 9 t 18 11 t 96 9 t 123 2 t 12 5 n 170 2   24 3   1 4 m 42 6 e 1 1 t 17 3 ( 892 17 t 88 13   167 8 e 1 1 i 11 8   21 9   1 17 z 1 1 t 23 20 i 290 4   91 10 ( 174 11   2359 7   14 8 t 1 2 n 346 3 n 309 2 r 1 1 t 349 4 F 8 2 r 338 6 n 7 3 c 235 7 i 8 8 i 8 6 b 1049 1 u 1 2 n 34 3 m 2 1 r 19 1 V 22 4 i 802 1 t 11 2 r 1 2 b 1 5 l 1 1 i 14 1 s 427 7 l 393 3 c 44 2 l 2 1 r 403 7 i 18 2 n 1 1 L 175 8 r 1 3   883 4   1 6 g 1 1 x 1 1 . 1643 5 S 1613 3   1 8 p 1 3 l 1 1 p 1 2 j 1 1 p 1 2 o 291 2 o 1 5 e 6 5 C 18 3 o 331 11 M 1 2 m 1 2 t 1 2 p 1 2 b 141 2 r 148 5 P 2 2 p 1 2 P 1 1 o 1 6   29 1 x 15 3 t 36 3 r 1 17 s 1 5 r 152 2 p 0 0 f 1 5 r 1 2 p 11 4 v 7 1 v 116 4 e 122 5 e 1 4 t 3576 3 - 1671 4 r 1131 1 o 87 6   1 6 m 17 1 W 76 6 c 1551 2 B 40 2 r 230 5 K 7 4 e 482 4 i 1 1 . 1 1 h 255 5   3792 8 n 1 1 v 1 1 m 231 4 m 5 4 p 193 3 m 1 3 u 51 4 m 1 11 r 14 4 P 1 2 t 5 1 k 1 1 r 29 5 r 433 4 k 200 3 t 11 3 r 14 4 m 54 1 p 65 7 t 3 2 M 89 2 N 488 4 r 277 2 K 3 2 h 1 1 t 20 3 m 872 4 v 1 4 t 1785 4   37 2 t 21 3 M 1 5 r 44 3 m 8 3 t 19 4 g 3 3 g 3 1 l 441 3 m 2 3 t 13 3 g 1 3 m 163 2 P 76 1 J 415 1 r 156 6 r 474 2 m 938 5 t 1 2 G 587 2 t 2 1 u 114 2 u 248 2 t 2 2 i 582 3 i 1 3 s 35 2 i 515 2 G 519 4 n 4 1 c 19 3 n 1 3 i 10 2 t 608 3 c 605 3 c 20 2 t 4 2 i 1 2 c 374 2 v 5 1 u 67 3 t 15 2 m 1 1 i 62 4 c 11 2 i 669 2 t 24 1 u 84 2 u 86 2 n 19 3 n 57 3 t 235 5 i 37 2 u 1 1 t 91 3 n 1 2 r 15 3 u 26 3 r 122 2 c 1719 2 u 8 1 u 13 2 t 59 2 u 45 2 u 53 4 n 35 6 i 128 3 u 10 3 s 20 6 i 180 3 u 43 2 r 14 2 c 1 3 i 103 2 u 5 2 c 1 2 r 47 6 c 151 3 n 1 3 t 126 2 p 1 1 v 703 3 t 152 3 i 23 2 t 211 4 n 8 2 n 106 3 n 503 1 m 138 2 u 29 2 t 243 4 r 35 2 e 338 2 n 463 8 n 1 4 e 132 3 c 2046 2 N 97 4 B 1 1 n 370 3   1 51 r 439 2 h 1 3   2158 2 u 1 10 i 1 1 T 1 5   623 4 m 43 9   1 3 W 1 1 c 1 5 V 14 2 m 2 1 — 18 4 c 252 2 i 278 2 i 240 2 m 5 2 c 183 2 u 7 1 c 369 5 i 71 2 m 8 3 u 6 2 i 168 3 r 21 4 u 246 3 u 340 4 c 3 3   201 7 S 9 2 v 1 2 u 676 3 u 304 2 t 45 1 v 1022 3   1 11 o 722 2 y 591 5   249 9 n 1 2 h 337 2 e 1 6 r 769 3 e 2304 1 d 1 1 r 158 3 C 1 6 c 870 3 n 6 1 s 870 3 r 882 4 r 886 6 r 131 2 r 8 5 s 1 3 c 527 2 r 1 4 h 57 2 d 1 1 c 7 1 J 10 2 l 411 3 x 1 1 e 1 4 K 26 5 h 635 2   1 11 x 1 16 s 1 2 x 2 1 e 895 4 n 266 2 J 47 2 l 1 1 m 1112 2 i 1377 3 h 247 2   277 2 c 715 1 h 23 2 c 1107 2 j 1 1 m 1 1 h 1149 4   331 3 c 1 27 m 1 14 c 1 1 e 6 3   23 2   1014 7 m 30 13 m 100 3   1 5 h 1 2 m 1 7   55 4 c 78 6 c 1 1 h 1 5 g 41 4 m 1 5 h 862 3 m 328 1 g 10 4 v 150 1 H 1792 6 l 183 3 m 1517 14 P 1 1 l 351 2 i 995 5 t 663 3 t 942 4 v 1 3 c 296 2 d 1 12   212 5   1 111 ( 5 4 b 27 21 m 433 13   1 43 m 67 41 b 4 3 — 372 2   9 2 h 1263 3 t 1 22 H 942 2 b 535 2 R 1 2 r 1719 4 l 1572 5 K 1670 1 m 337 4 M 1 2 W 1 1 h 604 2 R 639 6 h 422 7 r 903 4 L 1769 3 p 1 3   1018 1 g 1 1 r 3 2 b 1 1 B 2847 2 B 477 4 p 35 4 F 1500 5 c 1100 4 r 1 49 d 836 1 i 1 5 g 1 1 t 924 5 c 168 5 v 1136 4 v 1 2 y 866 3 l 1023 11 u 1 3 b 1 1 i 1 11 m 3863 3 m 284 2 M 141 4 p 188 1 H 219 3 R 12 1 e 1495 3 m 1 2 H 1 2 c 1 1 C 2 1 p 1 2 h 111 9 h 660 4   378 37 h 592 9 N 3012 1 c 83 1 l 2 2 l 4 2 m 661 3 l 992 7 e 1 4 f 17 2 f 10 6 l 1 4 r 1 1 j 1685 1 e 97 2 e 1 1 n 388 6 M 690 1 B 9 1 p 1991 5 p 150 2 e 1 5 M 1 12 e 1 7   3692 5 ( 3830 2 d 1014 4 d 1 1 w 8 4 h 73 2 d 278 1 d 8 3 c 732 11 h 1 2 w 1 4   1 3 w 4 7   1 8 w 14 3 w 200 15 w 907 5   24 12 w 1 6 h 2149 7 l 1 7 r 1 1 L 1069 4 l 1 4 t 2290 5 v 1356 1 V 1843 7 v 1 30 d 1991 3 m 1 1 s 1 1 h 3117 2 e 17 5 p 558 4   3684 6 l 1 4 m 1 4 d 407 3 M 1 1 C 38 1 K 244 4 c 341 2 e 311 3 e 6 5 M 6 4 h 146 3 n 436 1 e 1 1 P 2229 4 p 2268 3 p 68 8   2316 5   38 1 w 289 1 u 1 3 v 1659 4 n 1 1 m 3780 6   1 13 h 234 11 w 1160 9 h 1609 5   252 10 w 13 8   110 1 w 2924 3   20 7 w 25 5 h 2702 3 e 20 7 h 70 3 w 357 14   34 5 w 3757 3 t 1 6 r 171 3 c 1 3 e 1 1 B 1 3 c 5 4 b 11 1 b 1 6 i 1 1 b 1 21 e 3 3 c 2603 6 k 2627 8 B 2357 3 e 49 2 e 1850 2 N 1 2 b 1 3 h 1 2 T 33 2 m 1 8 t 244 2   2233 3   109 2 f 109 2 l 635 2 r 1545 2 f 1490 5 e 1 2 L 233 5 m 257 5   1364 5 h 576 3 h 1 10 m 475 3 h 1521 3 m 5 3 h 1 10   35 12 m 61 3 h 18 4   5 3   1472 11 m 445 4 d 1 3 D 1 3 d 9 8 D 1 16 d 1 10 D 37 7 d 7 5 d 19 9 d 1 23 D 45 5 D 35 28 d 42 7 D 15 15 D 52 34 N 1 4 r 1140 9 d 1 3 w 1072 2 m 2978 3 l 326 2 t 958 5 r 3087 2 i 1900 3 e 1991 6 t 2095 3 r 394 2 r 35 3 n 1638 2 c 3015 3 l 1971 5 c 32 2 r 1939 3 l 14 4 l 1002 4 l 1157 4 r 1 1 C 2013 3 c 1984 4 m 466 4 l 1 2 L 2934 3 P 712 2 P 739 6 l 42 2 n 1 7 d 1 1 m 2457 6 l 3090 3 n 129 2 r 788 2 M 91 4 p 1 7 m 1 26 n 53 2 v 1 1 R 1470 7 r 1 7 m 2575 3 u 1 1 s 3352 1 m 1 2 l 126 2 m 1967 5 t 8 4 d 1936 6 z 3 1 z 894 3 c 5 1 c 5 2 z 12 2 n 1330 3 z 2 3 m 1479 3 g 17 3 t 1866 4 c 2626 3 l 2151 3 v 8 2 n 224 2 i 29 3 l 629 4 t 40 4 m 2035 6 m 221 4 l 1 1 d 884 2 m 2959 4 z 87 3 t 2030 5 g 1 2 d 291 3 n 1935 5 t 1 1 R 1543 4 c 2425 5 i 265 2 c 679 3 m 2406 2 i 319 2 c 10 3 c 54 2 c 9 3 r 3004 5 t 1 9 s 2220 2 l 1 16 r 40 3 l 1 4 n 317 3 V 3085 14 m 1 13 W 3187 2 M 1127 7 p 431 2 n 1434 10 c 108 2 T 2294 1 l 1 2 - 1910 51 n 79 3 c 1 10 H 1084 6 W 3294 3   2792 6 h 1 1 s 837 12 s 1428 3 W 1069 3 W 1114 7 D 1 2 N 1 2 n 1 2 P 1 2   139 2 N 134 2   1829 1 R 3178 7 d 3278 6 m 1 7 w 4 7 m 8 4 D 30 2 J 1 2 W 249 4 T 3594 2 d 76 2 l 1181 2 n 401 2 a 29 4 e 484 1 e 3 2 u 3454 3 d 1 3 i 3449 6 y 1 1   1 5 - 1067 2   1 8 l 308 2 - 1 6   1 8 - 1 8   1 4 a 1 1   1 8 u 2845 3 i 4 1 o 278 39 i 18 31 u 2279 48 o 122 6 m 1 6 o 483 24 E 729 2 o 871 2   1 13 e 1843 5 a 1 3 o 1 1 a 1 4 i 4 5   81 10 o 93 3 / 1 5   1516 7 r 3253 2 u 259 2 i 1 1 - 275 5   35 2 - 199 11 O 837 3 o 65 2 i 73 5 a 81 7 a 287 3 a 6 8 a 23 6 i 1 4 a 10 4 o 1 1 u 1 1   8 2 u 1 3   2557 5   149 5 u 1325 5 i 24 1 h 162 5 A 1 3 a 1 10 - 435 2 y 215 7 a 174 7 e 23 3 m 965 2 e 33 6 u 1 4 A 91 4 / 1 1 a 458 1 o 291 5 ( 162 2 e 2292 12 i 1 3 o 25 2 l 1548 5   505 9   283 12   2705 6 e 13 8   157 6   2739 14 a 1 3 d 1 1 e 94 2 s 97 17 i 1 58 e 30 45 e 205 3 i 743 2 i 8 1 o 3689 3 i 3900 5 a 349 2   260 1 i 1 41 o 5 4 S 749 8   483 3 i 1 13   2402 7   3713 47 i 60 4   1184 2   3509 2 n 19 6 d 1 5 i 114 2   1528 5 i 405 17 i 1 9 S 1 1 e 1 10 u 515 11 a 694 5 a 3636 11 n 1 25 u 3524 3 n 4037 4 n 935 2 n 4030 6 r 3544 4 r 24 6 n 28 4 n 3 4 u 970 2 n 58 14 n 34 9 n 39 5 i 58 3 n 9 5 u 124 27 u 102 6 u 8 6 n 1 2 a 1 1 r 47 9 a 10 3 a 71 2 n 1 6 i 125 5 i 7 3 a 16 8 a 55 2 u 139 3 u 1 6 c 1189 6 o 1704 6 e 1335 3 r 267 3 n 198 5 i 1144 3 e 1 2 a 1 1 e 1 3 x 1557 4 n 168 7 r 1 11   3930 7 i 1 3 n 158 4 u 39 4 u 157 3 y 3127 2 n 189 18 u 995 3 i 4065 5 n 149 7 a 83 4 o 1 6 c 2344 4 o 1 22 a 114 7 l 1860 2 r 1 12 e 4 3 i 917 3 i 84 3 u 1 33 e 492 5 u 722 2 a 47 2 i 225 5 e 5 2 u 493 3 a 19 2 u 18 2 e 156 5 i 84 3 e 79 4 a 1101 7 e 1 4 r 14 2 l 38 2 r 7 2 e 1116 5   625 7   1 6 c 1 1 a 381 3 S 1 3 s 1 24 a 1 12 i 1202 8 t 2719 4 r 1 15 n 461 6 a 3273 12 e 1 29 y 1 6   1464 8 o 1175 3 y 142 3 i 2 1 u 372 3 r 297 4 e 197 4 r 6 8 o 1 3 A 1 4 S 1 7 s 813 17 S 20 5 e 529 4 e 5 2 e 1260 3 e 1 15 s 511 7 n 667 11 n 815 29 n 5 6 u 1 6 n 1 6 s 577 3 x 1488 4 i 4 2 o 1584 4 i 901 8 o 1596 7 u 22 4 o 1 3 s 124 9   1089 13 u 1 11   14 13 e 42 2 y 281 6 n 1 4 e 6 6 e 1137 4 n 1168 6 n 20 3   1412 8 b 1962 11   2158 8 n 50 3   36 2 n 5 7   2197 25 n 73 6 n 11 6 n 1 3   1244 3 n 29 6   15 5   85 11   52 5   27 10 n 362 4 n 1 10   50 11 - 74 4 n 68 13   646 15   156 5 n 478 3   1 6 . 1 2 i 2 1   1653 6 e 29 5 e 1883 5   229 15 c 3238 3   1440 10   197 8   27 3   95 12 e 72 5 n 75 4 n 211 7 n 135 6 e 1452 30 e 1504 51   1 51 e 132 79 e 55 23 e 95 42 E 2326 15 e 39 22 s 468 23   153 23 e 1 4 m 1332 4 n 427 7 e 2097 3 ( 44 20 c 480 6 A 843 3 A 848 4 A 1 1 e 956 2 s 1 1 / 1 1 n 984 4   126 5 s 1 20   525 4 i 1197 4 i 3833 4 i 2074 17 e 7 8 e 3 4 e 15 4 e 19 4 s 2122 16 e 1350 6 e 1342 2 e 1414 6 a 1248 5 a 1335 4 n 28 5 a 14 5 e 1935 16 u 1327 6 u 92 3 u 58 4 u 982 7 u 5 4 i 1527 5 e 1191 5 i 1712 6 a 47 4 A 1378 6 e 116 8 O 90 4 a 1509 3 e 106 7 e 2042 13 e 121 7 i 28 6 i 25 5 i 1622 3 r 187 4 l 1 3 S 2108 4 c 328 7   419 2 a 1244 18 a 20 12 i 1790 5 i 62 7 l 1 5 e 83 2 n 1147 6 e 17 6 n 15 8 e 451 3 e 1380 4 e 14 7 e 1 10 n 83 9 n 13 6 e 1482 6 n 1 6 e 61 6 n 1 16 e 22 16 e 1423 19 e 96 12 n 161 2 o 41 6 i 1320 13 e 1534 5 e 3 2 i 280 2 n 49 8 e 7 3 l 210 3 n 18 4 a 1706 14 n 598 4 e 241 4 l 42 5 i 507 8 e 1 28 n 74 4 i 114 7 l 58 3 e 239 10 n 2280 6 r 113 3 e 177 8 e 28 11 e 131 7 r 62 5 o 1767 7 e 292 3 l 51 5 e 339 7 n 27 3 e 359 11 r 1900 6 e 76 5 i 35 6 e 158 22 e 29 21 n 293 10 n 151 8 d 81 7 o 334 4 l 2101 2 l 8 2 o 157 2 n 137 8 e 141 9 n 14 9 n 415 11 e 225 10 e 90 11 e 274 5 n 24 7 n 50 6 e 351 5 n 1588 13 e 92 13 e 1 16 r 14 13 l 391 20 n 61 5 r 610 5 e 189 2 a 12 5 e 169 6 r 34 4 r 6 2 l 52 12 i 34 3 l 435 3 l 850 7 e 50 4 o 60 3 e 405 4 n 200 8 e 50 11 o 2124 7 n 150 12 d 315 3 n 967 3 r 3550 5 n 850 14 n 870 7 A 1217 6 a 2149 26   3848 18   1 30 ( 3934 37 i 88 49   2122 19 a 525 2   10 4 g 1 1 a 1 5 A 3675 3 i 1261 8 A 1 3 o 3236 3 u 1 4 i 3249 5 o 16 3 a 12 2 u 11 4 i 3406 7 a 25 4 a 2842 8 a 2346 5 i 32 7 n 1488 3 o 1 5   273 9   1 3 / 246 24 o 1 17 i 3805 2 o 1483 6 u 119 3 r 459 2   2100 5 	 1 1   45 8   1595 2 i 158 8 o 15 3 V 2440 8   139 3 n 3138 9 i 1 67 n 1 2 - 86 2 o 835 3 r 248 2 r 154 2 n 3119 5 a 14 2 o 164 2 o 116 5 n 876 4 o 3273 5 o 1 3 n 4088 4 o 156 5   458 23   248 6   1 25 p 1718 8 e 5 3 h 1093 9 e 1 27 i 1691 7 n 2781 2 e 1 15   631 24 ( 11 9 o 1 1 - 650 14 / 3789 4 r 1 23 o 1 30 i 272 2 u 258 2 o 1 17 n 3411 15 o 1 14 r 41 11 u 99 31 o 33 4 n 4 4 n 3837 4 o 1 17 r 11 18 e 1055 7 u 1 11 a 3510 36 u 48 18 a 3047 3 d 2346 3 e 350 23 – 2433 13 E 1 2 e 1121 6 e 3 2 d 60 1 d 1 6 u 425 2 n 3777 8 n 198 2 a 4085 4 a 1140 3 i 0 0 ~ 1 1 u 401 2   905 1   964 25 n 2467 9 n 1136 5 i 887 5 n 77 8 y 807 5 i 23 5 r 1718 3 o 691 3 n 267 6 n 9 4 n 3831 5 o 21 2 r 17 3 n 6 3 n 8 3 i 624 9 i 859 5 e 1 7 o 1 9 e 323 9 o 9 9 e 36 10 e 114 3   140 2 o 3494 14   2 2 a 1327 4 r 3670 7 u 314 2   177 5 l 2254 4 r 1 3 a 1 1 c 1 1 m 1 3 t 1 1 s 1 1 c 1 1 s 1 1 v 1 1 c 1 3 g 1 3 t 1 2 l 1 2 m 15 5 r 1 2 g 14 1 d 20 2 r 1 2 c 1 1 l 1 2 g 11 3 c 1 2 v 0 0 z 1 1 c 1 1 n 24 1 c 74 2 l 45 4 e 812 1 h 1 6 t 2 4 r 45 4 e 30 1 c 29 2 n 9 2 h 98 2 d 1 1 h 4 1 h 1 1 v 1 1 t 61 3 l 2 1 v 1 1 g 117 4 h 18 3 r 127 3 h 1 3 d 2 1 e 11 1 k 7 2 e 71 2 b 11 2 h 1 19 t 4 3 s 2 1 c 13 6 i 12 3 s 1 2 k 118 7 d 127 2 v 6 2 l 1 1 r 139 2 h 1 2 g 191 3 m 1 3 g 1 5 h 1 1 z 198 4 c 1 3 d 516 2 n 30 2 n 1408 2 h 176 2 m 73 7 e 220 2 r 73 2 z 46 2 s 66 1 d 1 1 v 5 1 u 182 2 s 239 3 g 3595 2 h 116 4 t 1 1 b 143 2 d 193 2 h 111 3 b 1708 6 r 176 6 n 140 2 h 28 2 g 24 2 c 1 1 t 260 3 t 1 1 c 96 4 d 11 2 g 80 2 h 216 4 b 1 1 c 144 2 c 82 2 r 1 2 m 328 2 r 1053 2 t 28 1 s 117 7 h 89 2 v 21 2 h 1 3 l 56 2 v 372 2 v 1 5 c 403 3 h 134 2 l 202 3 t 43 1 z 52 3 c 51 2 g 12 2 m 22 2 b 11 2 h 424 2 r 133 3 g 404 3 m 44 3 h 18 4 g 109 2 m 5 2 m 1 2 n 454 3 n 16 1 r 1 4 h 87 2 m 3784 3 g 365 5 g 3 3 h 91 4 h 1 5 v 63 2 c 222 2 g 1 3 m 279 4 h 39 2 s 5 2 c 73 2 r 82 3 h 392 4 n 16 1 t 1 3 h 153 7 t 1 6 h 41 3 h 270 3 c 1 3 t 70 4 h 194 6 r 57 3 h 343 5 h 1 3 r 79 4 h 0 0 w 364 2 h 7 2 r 236 1 h 1 4 g 20 2 l 3 2 r 442 6 h 5 1 p 1 1 t 9 2 m 1 3 r 15 4 b 407 3 r 218 3 b 9 2 g 501 3 e 116 6 v 17 1 v 19 4 b 345 6 g 90 2 s 21 2 m 4 1 d 340 3 c 1 1 p 2871 4 m 481 2 m 189 2 h 22 2 h 385 2 c 196 4 h 503 4 n 131 3 b 254 4 m 309 3 l 34 3 c 148 5 l 331 2 v 1 4 l 1 1 s 422 3 e 263 4 b 358 2 h 607 2 d 661 2 h 1 8 l 188 3 c 117 3 l 261 2 s 769 3 m 122 2 g 765 3 r 737 4 h 237 5 t 273 6 h 136 2 r 43 3 r 611 3 l 997 1 r 6 3 g 555 2 d 195 2 s 147 3 r 864 3 v 36 5 r 151 3 n 1 2 v 75 3 h 112 2 t 83 2 h 66 2 t 586 4 l 114 4 c 436 3 c 848 3 c 709 7 h 237 2 h 702 5 m 145 2 b 624 5 h 241 3 h 70 2 s 540 4 n 18 3 v 465 3 h 248 4 g 335 3 h 132 4 c 449 2 m 146 2 z 171 3 g 2 1 e 1 1 c 172 2 e 11 4 g 725 3 c 89 4 g 475 2 r 1 2 s 150 2 v 708 3 g 17 2 r 272 3 n 667 3 v 261 2 r 22 2 r 15 3 v 350 4 h 291 2 l 146 2 t 3 1 t 402 4 h 1 15 c 345 3 m 106 2 h 34 1 b 142 5 k 724 2 l 854 4 h 42 4 m 510 7 h 27 5 h 458 5 d 12 2 m 710 3 k 172 3 l 12 2 r 65 4 m 43 3 b 402 2 t 233 3 l 1 3 r 21 2 e 708 2 g 509 4 m 611 2 h 1 25 s 146 2 h 37 5 m 944 6 m 457 5 c 12 7 m 22 7 c 3831 3 m 1 7 c 889 3 m 1 7 b 176 2 u 294 3 u 71 3 c 246 2 g 122 3 b 819 4 h 599 2 h 411 5 r 254 2 g 547 3 r 44 4 h 811 4 h 509 3 l 219 4 i 350 6 s 369 3 b 1 4 r 533 4 d 1923 3 s 958 4 r 244 3 r 1026 5 s 707 2 c 536 5 v 143 2 g 19 1 z 928 2 r 109 1 g 1256 4 v 496 3 b 15 1 v 49 2 d 381 4 m 847 3 d 8 2 z 153 3 r 499 4 l 639 2 k 1097 4 n 17 2 n 375 2 d 11 3 v 399 3 t 418 2 d 191 2 n 65 1 v 1813 3 m 676 4 l 564 3 h 3608 5 n 1684 5 c 354 6 r 3 4 l 365 9 r 105 2 b 951 2 r 827 5 r 2 2 g 37 2 v 1140 3 c 1295 6 s 976 6 l 149 2 g 725 3 c 567 3 r 934 3 e 619 5 l 854 5 r 731 3 t 134 2 m 247 3 b 410 4 h 1 6 n 38 1 u 19 2 m 214 2 l 556 4 l 149 2 m 1 1 z 35 3 r 3 2 c 165 2 n 3036 2 b 1163 3 b 5 3 l 30 3 d 526 2 t 453 2 s 117 4 c 361 3 l 81 2 g 12 2 z 924 5 g 925 4 e 669 2 h 115 2 R 1 5 c 1641 5 s 52 2 l 60 3 d 1 4 R 1 1 r 1 11 t 3492 3 t 64 3 c 2 1 i 1 1 c 9 2 e 245 2 n 98 3 m 6 2 m 361 1 n 128 2 z 975 5 c 459 3 c 1 3 . 1 1 c 373 3 g 669 3 n 1191 2 s 2367 3 ( 1 18 g 1265 3 r 1 5   35 2   4 5 l 1713 4 l 129 2 u 1435 4 c 102 1 s 209 2 G 1 1 R 1 3 u 1759 4 r 522 3 d 1 3   1 2 r 282 3 t 25 4 l 686 3 r 166 5 t 170 11 p 1150 2 m 280 2 h 79 2 l 1 10 n 2062 7 h 377 4 S 1 5 s 388 6   2082 9   38 1   43 4 y 85 4 r 152 4 r 4 3   6 2 m 0 0 M 1 1 r 89 6 r 1 9 f 1 6 F 1 2 f 147 2 w 1 4 . 1 1 d 12 1 w 2570 6 d 1 5 s 1309 6 b 1 7 R 0 0 D 1 2 R 339 6 n 3575 24 T 1 3 t 1 3 T 1489 9 T 14 9 T 27 5 T 1 5 t 1 2 p 1 31 d 1 10 r 1118 4 d 17 12 r 145 5 d 10 3 d 1 3 D 22 8 r 1 8 d 196 8 d 1 10 j 1 5 r 4 4 f 1 1 r 5 1 p 1 1 j 12 3 r 631 3 r 539 4 r 3673 4 r 5 2 n 13 2 s 23 2 p 1 1 f 1 3 v 3182 1 v 1 4 p 26 3 p 5 2 p 1 3 j 57 2 p 24 2 j 1 3 t 0 0 L 1 1 t 2 2 s 1480 3 n 720 2 v 1 5 u 7 6 v 1 15 t 2283 3 s 1 4 t 953 3 p 636 3 r 943 3 v 22 2 r 517 3 l 16 1 h 1542 2 p 1345 2 s 30 3 e 7 2 d 881 2 h 8 1 w 1 1 t 1 2 w 16 2 d 90 3 s 6 2 t 4 1 w 855 2 p 2 4 p 447 2 t 988 1 k 24 3 s 786 3 t 28 2 d 59 2 c 19 2 d 86 2 t 1 3 s 1 2 x 1 1 s 1420 3 r 1097 4 s 17 2 i 2579 2 t 121 7 s 1114 3 s 19 3 z 56 3 s 9 3 s 725 4 s 1075 2 t 1133 2 v 1704 3 s 2443 4 s 401 2 h 158 2 h 81 1 z 96 2 i 112 3 s 1 10 z 49 3 t 152 2 s 236 2 p 150 2 s 725 2 g 396 4 t 20 4 s 895 2 s 2328 4 s 114 4 s 1055 3 g 2694 4 s 1552 3 i 39 2 l 105 3 n 131 2 z 2672 2 t 1 2 d 956 3 c 895 4 l 253 4 z 3985 5 r 200 5 y 1270 4 s 102 3 r 256 2 e 4046 3 i 58 2 s 609 3 m 99 2 i 139 2 s 2366 3 g 191 7 s 80 3 d 210 7 l 316 3 l 290 4 m 205 7 t 1429 6 s 785 4 v 24 2 d 25 2 c 1398 5 r 525 5 g 1515 3 r 39 2 ( 967 3 s 11 2 w 29 2 e 2762 5 l 467 5 p 1 7 M 65 4 M 6 4 p 13 3 p 4 3 M 6 3 M 14 2 r 1 15 e 1 6 R 778 2   1 5 m 825 2 r 1 22 R 20 19 d 260 2 S 208 5 S 1 4 r 1 3 S 1185 9 r 145 13 p 1 11 n 1 7 c 1913 3 c 1558 5 s 946 3 b 1 2 w 3 6 w 12 4 b 6 4 w 72 2 k 1 1 S 1497 9 n 1500 3 u 4065 3 t 1134 4 r 146 2 R 8 6 r 165 11 R 17 6 R 23 7 R 31 13 R 49 9   3231 17   3641 3 d 888 4 n 4 2 b 1 6 c 1694 5 s 1823 4 i 1252 4 t 1 7 r 449 5 i 11 4 d 742 2 a 1 1 l 1235 5 w 2431 7 s 1223 4 h 1665 6 r 0 0 W 1 2 S 93 3 c 1 4 a 733 2 v 1612 2 n 4 2 x 104 4 x 456 1 T 3 1 t 1049 4 b 1675 2 R 206 7 r 199 16 r 356 4 W 1 2 i 3192 2 S 356 3 T 1149 5 e 737 3 v 1 5 d 82 2 r 364 5 t 821 5 R 202 5 d 1 3 B 1 6 w 1 2 c 742 3 w 6 2 c 32 3 c 745 4 t 1054 3 t 986 21 H 1 2 h 1 2 x 84 3 v 157 2 d 895 2 x 164 3 d 1 1 M 1988 3 m 1564 2 r 1097 3 g 1147 7 v 996 2 p 2705 3 t 2787 6 t 1550 3 t 7 2 n 321 4 r 1193 5 r 71 3 T 169 3 c 977 2 t 5 2 t 1 3 . 1 1 h 1 12 r 1178 3 t 845 2 l 1 7 r 399 3 h 1 14 d 1544 2 M 701 4 r 1 2 L 1 3   1 4 t 1 3   6 5 t 10 4 t 943 2 t 908 5 h 9 2 e 3 2 h 3077 3 e 3391 5 t 18 3 e 2840 4 t 2844 5 v 7 3 v 309 3 e 12 2 t 19 2 k 2712 4 t 2007 5 e 6 4 e 70 3 h 4 2 v 645 4 t 1 1 B 1 1 s 2582 3 e 1767 2 / 1 1   1 1 g 3818 3 u 1 3 c 2017 2 u 1 2 r 1 3 u 635 3 i 13 5 i 1 2 r 1 7 u 27 3 u 21 5 u 1 11 r 29 7 l 32 5 r 21 8 u 25 8 r 1 20 u 2432 2 u 1 4 g 39 7 u 7 4 i 119 5 r 85 11 r 108 15 u 15 7 r 25 9 b 1 1 B 3 2 u 1 3 t 124 9 u 195 8 u 1 33 r 799 19   1 20 i 47 5 t 1437 3 i 4 1 u 7 3 u 20 3 u 0 0 - 1091 2   1 1 p 1 4 m 447 2 s 5 1 g 3090 3 b 4 1 G 1 5 g 1 15 G 600 2 g 27 4 g 77 4 l 1 4 v 2259 3 G 1 7 g 1 46 G 1 2 h 10 9 G 67 13 G 76 9 G 28 17 g 96 42 g 5 4 m 241 2   223 6 p 3541 4 m 226 2 s 1697 5 t 747 4 i 2723 5 m 942 3 c 2418 3 i 1 3 s 3299 5 r 2799 3 r 1717 5 t 2158 4 i 1 1 m 806 2 m 1 6 t 1858 4 t 1864 3 c 2400 3 r 1355 2 i 25 2   322 2 m 1 8 s 1542 5 m 4 4 C 1145 5 r 4 4 s 1166 8 s 769 3 d 61 2 d 53 2 s 1045 2   405 6 i 667 3 u 76 3 i 422 7 t 1 5 v 1227 3 m 2750 3 m 4 4 m 1197 2 m 2495 6 d 1 60 m 4 3 p 944 5 G 2382 3 D 960 12 l 2536 8 e 1765 7 r 2261 8 t 25 5 e 1614 19 t 322 2 S 263 2 S 1 7 c 1 21 d 1995 11 s 1 26 S 2639 6 s 15 11 S 19 14 s 1 18 r 1727 4 S 2701 10 s 2717 8 s 49 27 r 401 5 r 1827 11 S 1410 3 t 895 2 v 2669 11 p 1193 4 s 3870 5 t 394 3 h 1 1 y 552 3 w 295 3 g 1201 5 h 3882 4 d 3402 2 t 1302 3 h 1304 2 t 1284 8 v 721 3 t 25 2 b 1 13 f 1 1 b 1821 4 i 2396 3 h 1 3 g 836 2 h 52 2 d 45 4 h 83 4 n 1439 3 t 100 2 d 55 2 h 646 2 h 3262 4 v 546 4 p 107 2 g 1 1 l 84 2 k 2212 2 v 28 3 t 1523 6 n 2 1 f 542 6 d 28 1 b 23 2 g 2315 3 p 1366 6 v 28 3 n 3983 6 n 5 4 v 15 6 v 573 2 n 1 4 f 113 3 d 1991 2 t 2000 7 P 2 5 p 1013 7 m 1 5 h 1 3 w 2 3 h 1 7 w 12 7 w 16 7 e 105 2 w 193 2 f 1 92 h 13 12 t 606 3 c 2180 11 w 162 1 P 243 1 t 2515 3 m 1639 1 s 2474 3 e 1 1 d 1585 4 t 4 2 p 4 1 f 2443 3 v 1853 3 d 1839 4 P 1 2 t 3047 3 d 1 5 t 1856 5 t 1 14 z 1008 2 f 3194 4 t 1683 2 T 3685 3 s 332 3 t 1270 3 g 1 1 p 485 1 p 447 3 f 15 1 f 54 3 g 60 3 e 16 1 m 17 1 v 1 21 p 100 1 d 5 2 b 386 2 v 1 1 k 555 2 p 1 5 s 1112 2 p 1893 8 s 954 2 v 3004 1 V 42 5 g 3464 3 i 3675 3 c 4029 6 t 3571 4 m 1081 2 c 551 3 g 556 4 m 3574 3 s 126 4 m 3568 3 g 2026 2 c 4092 4 t 126 2 o 2129 4 m 1 10 l 1156 3 c 1174 2 r 709 5 g 5 2 u 1651 2 c 1200 3 c 94 2 l 30 3 i 78 3 s 3632 4 c 10 2 i 108 4 r 3061 3 g 24 3 c 8 3 v 4088 3 l 130 5 c 1 5 m 1263 4 s 123 3 g 147 3 g 81 3 n 67 2 d 3635 2 k 21 1 o 164 3 i 54 2 p 3109 3 s 2739 3 i 1328 2 l 1180 3 m 162 4 c 18 2 v 2076 4 c 97 3 u 1888 3 l 90 3 m 593 2 t 2892 2 c 28 2 b 3554 2 s 3910 2 u 2429 3 c 3917 3 i 155 2 d 1792 3 c 3849 3 l 62 3 i 1 2 z 169 4 i 90 3 d 3542 4 t 65 2 i 1941 3 c 85 4 m 3975 3 c 53 4 s 11 3 m 315 4 m 1407 2 c 776 2 i 1855 3 T 3418 4 D 1 2 d 2154 15 r 2597 17 r 2785 13 d 1 7 D 1274 13 D 4 3 h 2963 6   2296 6 r 1 5 l 283 4 l 802 3 l 2041 2 l 2 3 c 3829 12 l 1 17 n 36 3 l 2306 4 l 337 5 n 3511 7 r 22 6 c 18 3 l 1597 4 c 3429 4 r 9 4 r 1 20 c 1633 5 n 134 3 c 43 11 c 9 9 c 1 8 r 1 283 f 1 1 l 378 5 r 3860 2 r 2345 5 i 1008 3 r 797 3 b 570 1   1862 6 u 1699 5 g 1 1 r 1517 8 n 489 3 k 2807 4   3041 2 s 434 5 g 883 2 g 3520 3 l 1 1 k 8 2 s 29 2 P 1301 3 d 1 1   88 6 r 546 9 r 598 2 P 574 2 N 56 4 M 3494 4 m 1 22 n 15 15 r 1 4 n 1 3 g 1098 1 l 3419 4 r 3279 8 R 1 20 l 1024 3 V 3213 3 b 1 10 N 58 1 N 2195 4 i 1 1 R 703 1 i 2084 3 l 1 4 i 1 34 d 761 13 D 8 6 l 1 1   3712 2   1 1 w 1 7 s 1833 3 s 1799 4 i 47 4 R 240 14 l 346 7 r 1 1 N 1 2 i 1146 3 i 5 6 i 363 1 N 214 1 N 210 2 r 76 3   1 21 ( 2636 2   2587 7   1 14 / 1 2 T 3170 3 T 3988 4 t 3095 4   1 3 T 1 1 l 2625 2 l 982 5 l 7 2 v 1359 4 l 393 2 k 1 2 l 1 1 w 1 1 l 67 2 p 1502 2 m 1046 2 c 118 1 o 0 0 I 3887 3 o 1 2 O 7 6 o 1 20 e 28 27 o 1 19 i 1 3 o 1 14 f 1 2 o 1 16 O 116 28 o 1 1 d 102 31 e 22 21 l 20 19 f 142 16 o 1 7 I 210 41 o 47 11 I 59 45 o 261 12   1 5 e 3101 5   1 9 f 1 8 s 3913 3 e 1 3 n 5 4 e 1 5 f 2 3 e 7 4 e 23 3 n 24 10 e 1 17 n 31 4 f 3 3 n 58 7 f 1 30 n 37 5 o 1 2   222 5   2 1 a 1 1 e 1 4 a 1 1 i 1 36 u 0 0 E 43 2 E 106 6 E 8 7 e 217 2 i 3395 19 o 529 5 i 1 13 f 1 21   2994 5 i 1 2   1 12 - 785 22 e 1 5   1 8 o 11 5 e 6 3 t 2 1 k 1 1   95 20 - 1 22   1 64 ( 1022 4   1 67 e 1 8 s 2905 13 s 1 11   1 4 s 7 5 r 1907 9   1 18 n 1 68   1 23 - 3446 3 e 3 1 e 136 2 r 432 2   1173 6   333 7 a 434 6 " 135 10   16 3 	 1 1 - 360 7 - 24 6 A 1 1   1 33 f 888 6 O 830 7 a 1 2 o 1027 16 r 513 11   3660 4 n 1 45 o 294 69 n 1 105 o 1 2 n 182 88 o 87 25 o 106 79 r 99 35 r 37 3 . 1 3 n 5 4 . 1 13 n 32 6 r 2049 7 e 1201 3 a 511 4 a 1215 2 a 12 3 e 25 4 a 7 2 i 1 5 / 1 1 a 1 18 d 3967 6 d 9 4 a 1 12 n 4 6 r 64 3 a 1 4 r 98 2 a 17 4 n 107 4 a 31 5 a 24 5 a 1237 1 a 35 9 / 1 3 g 2285 3 a 83 3 n 2326 4 o 118 1 a 682 2   771 9   1187 10   1 65 / 1 1   52 50 n 295 4 r 195 3 e 1573 4 n 1125 8 a 209 2 n 242 5 n 217 5 n 6 2 n 15 5 g 2518 6   177 3 o 1 1 u 3154 4 i 1495 2 i 5 6 u 15 6 i 1543 10 u 28 6 i 2373 2 i 942 2 a 2053 14 i 1 12 n 1 11 a 102 2 e 418 7 i 1 21 . 1 1 i 1114 5 / 48 6 u 1605 3 n 1 2 / 1 1 e 1 3 h 3269 4 i 1 49 o 147 7 e 1383 4 l 1 56 o 63 2 a 188 2   284 5 o 2179 3   1466 7 a 410 6 n 1350 22 n 1180 4 i 301 3 o 1 18 n 1 1 c 3778 4 c 1 5 t 3235 12 c 2914 3 t 3531 2 t 10 5 t 5 3 p 5 2 t 33 13 c 1 25 g 3667 6 c 65 2 c 3858 5 c 58 3 g 5 5 t 81 6 c 2604 4 c 3800 4 g 57 14 g 117 3 t 118 3 t 65 5 t 61 6 g 66 5 t 21 5 t 1 9 g 61 11 a 1 1 c 66 9 g 4 3 s 237 2 c 23 4 c 1 3 s 79 2 l 1 1 t 1 5 a 242 3 t 803 2 t 1 11 s 0 0 G 288 1 C 1 1 Z 1 1 c 1 11 S 1 3 s 20 1   1763 2 c 987 2 r 1777 4 S 69 3 C 4 2   1 10 p 1 2 t 0 0 W 2762 1 t 1 10 w 6 6 W 6 4 W 1 2 t 1 24 x 799 15 g 99 1 t 1 10 T 2890 4 t 2893 4 T 6 5 t 1 16 T 24 5 T 31 7 T 21 7 t 29 10 T 56 13 c 80 6 T 22 9 T 81 21 t 16 26 t 25 9 t 11 20 t 1 31 T 148 5 T 86 21 T 48 21 t 173 10 t 141 25 t 63 16 T 53 7 T 160 47 t 1 13   325 14 T 353 15 T 178 23 t 538 6 s 1 3 c 4 3 W 620 6 T 3757 4 t 712 7 c 1 24 Z 583 1 w 556 2 w 2 2 w 46 1 w 574 3 w 1 3 t 7 2 C 607 2 t 127 6 T 528 8 t 753 5 t 799 3 t 3 3 t 1 21 c 3590 4 t 51 7   3599 7 t 132 6 w 999 1 C 705 3 T 196 10 T 9 5   12 6 s 187 4 c 3 1 x 1 2 p 144 2 w 146 2 w 1 16 p 1 1 c 1 8 s 1508 19 W 1 2 c 233 5 C 1096 11 t 84 2 T 733 2 T 413 11 T 526 6 t 701 9 p 1 1   1 4 c 1 2 w 1 1 c 1032 15 g 236 4 t 1 21 O 35 5 A 1 5 c 1049 8 t 1 8 S 487 32 a 1029 3 s 1119 6 t 1232 39 o 50 3 w 324 2 n 1 5 c 1311 8 t 1 25 c 366 4 c 302 6 T 8 4 p 1 2 a 19 1 p 327 3 C 1 1 t 1141 4 S 4004 3 s 278 5 c 0 0 P 1 2 p 11 3 s 345 6 t 455 3 s 356 7 s 259 3 T 2 1 C 1 3 c 111 5 T 278 5 g 1246 3 	 1 3 / 1 1 	 1 7   1 2 	 1 5 t 3967 7   1 19 t 377 2 S 1178 2 
 3228 1 c 0 0 L 3988 3 r 3 1 k 1752 4 L 2182 2 h 3994 2 k 0 0 q 113 2 L 1 1 d 1 1 k 28 2 b 1 1 ( 1 1 c 1 1 e 3805 20   2232 6 d 1 10 v 136 1 d 3 1 d 1 10 c 1 1 d 1 2 n 4 3 l 1984 4 s 593 3 t 1 3 r 1 3 t 8 5 t 218 2 r 1613 7 t 9 6 r 1495 6 c 331 9 c 572 6 l 67 1 J 1775 6 G 1 1 s 3203 5 r 1 22 b 1 3 l 110 3 d 56 4 r 1 10 R 214 2 B 1 2 r 133 3 d 236 2 h 4 1 s 1 5 d 174 2 t 836 4 d 10 1 k 73 17 f 2194 5 r 44 2 s 0 0 m 1 11 g 404 3 s 472 14 s 403 2 t 35 12 t 14 13 m 1 1 f 35 3 n 1 1 p 8 1 r 45 5 t 1 2 f 1 1 m 28 9 f 13 11 m 1 2 s 3 2 n 295 3 t 2 1 f 2332 2 l 198 2 g 55 2 t 59 2 t 58 5 t 1007 6 p 1 1 g 312 4 p 130 12 g 1 2 p 826 4 n 1 1 f 78 2 p 1 7 f 292 3 f 1 1 l 19 3 n 75 3 f 314 3 f 9 3 n 12 3 l 1 9 d 1 1 o 280 1 R 457 4 v 1792 5 L 1 4 o 15 4 v 1 1 o 1 1 h 1 20 M 54 3 v 3786 20 l 1250 3 p 1789 12 t 92 1 m 1 1 M 1 1 t 272 3 h 323 2 t 1 13 m 165 2 t 295 3 t 29 4 t 6 3 t 229 2 t 1 3 . 1 1 t 519 4 d 1 15 P 1 1 t 309 5 l 1 1 w 1 3 v 1 1 r 220 2 r 4 2 o 1 1 V 56 1 v 7 1 k 1 3 S 29 2 v 1 3 s 698 1 v 1326 4 t 316 2 u 1 2   1 3 v 1 3 u 1 1 f 1 2 w 1 6   1 3 V 1 1 v 3 2 V 1 4 v 5 6 v 3 7 v 1 6 V 12 6 V 14 7 V 25 9 v 32 8 v 4 2 s 1 4 v 104 1 V 557 11 v 144 1 b 1 3 c 1 4 w 166 6 v 1 5 s 1 2 l 360 4 X 166 1 X 1 1 J 194 2 f 198 3 f 395 4 l 51 2 W 0 0 D 0 0 F 1 1 c 1 22 n 10 9 l 41 2 l 821 5 g 2818 2 t 7 2 l 2248 3 t 824 7 l 262 2 t 2189 2 c 800 4 n 1 3 p 20 3 r 1 2 l 757 4 l 95 3 h 1 3 r 1 27 h 1 4 v 260 4 v 1 4   1040 6 l 531 3 d 1 12 D 1 1 d 15 16 D 9 4 t 1265 8 c 127 4 c 8 3 l 1006 4 c 6 1 h 398 6 v 1 1 l 0 0 H 569 13 H 1 1 e 7 5 h 9 2 h 3876 2 l 259 4 l 1045 5 r 1 12 d 97 2 D 1 5 d 120 13 D 15 6 s 1 11 S 1 5 s 1 20 S 20 19 F 1 3 a 148 1 a 758 5 W 1741 2 W 1 3 N 1 2 W 1 20 r 598 4 a 1 6 c 8 7 m 1 9 H 452 3 F 490 1 f 1 9 h 1 2 b 776 12 W 1 1 b 1 5 t 5 6 w 787 4 w 276 3 W 11 1   129 2 m 3 1 f 1 8 S 240 5 s 1 2 a 1808 2 - 1425 9 - 1440 15 t 1 5 n 1328 7 x 2 2 x 2252 14 k 1 2 t 1 1 D 452 1 a 247 9 S 986 7 t 1527 4 L 1588 7 S 1597 8   3733 5 s 1167 3 n 333 1   1 31 a 2771 5 h 15 11 x 21 7   3181 4   3812 6 h 9 5 a 3824 6   6 6   70 16   48 6   15 9 a 48 8 a 50 18   85 5   18 18 a 49 5 h 1705 2 a 10 3 a 1 2 l 230 3 l 31 7 g 1 10 f 7 6 m 390 5 d 1 7 m 1 1 d 1 11 m 19 6 b 1 1 m 2 1 s 392 6 r 3677 5   1823 16 t 96 1 K 352 1   1 3 f 5 4 ( 1 1   2261 2 h 317 2 f 120 2 h 1 3 l 1 1 m 13 3 s 1 6 m 13 1 L 376 6 f 1 1 b 1 1 a 1 1 f 133 7 g 1 5 ' 2017 2 f 175 3 s 390 4 o 1 21   1 38 d 1 11 k 1965 2 c 882 3 k 1889 6 t 796 2 P 1904 9 s 34 6 r 2367 6 d 3 3 k 1940 2 r 23 2 m 583 4 d 958 5 d 15 2 t 1737 4 w 4 3 c 9 3 p 1234 4 p 1403 3 k 3 2 y 198 2 c 1850 4 n 10 2 p 49 4 t 45 2 s 59 2 d 1827 2 t 30 2 m 21 1 w 95 3 s 1 1 e 1 1 t 88 4 c 2254 4 c 1 9 p 11 10 d 60 1 y 35 1 w 44 2 d 56 2 r 135 3 s 66 2 c 43 4 k 1118 15 s 2254 3 s 654 2 h 2105 4 d 1543 2 d 2101 7 h 40 1 p 28 3 m 4 3 n 350 5 p 1952 5 d 138 2 p 52 5 d 188 3 t 95 1 r 1277 3 k 1996 2 s 1311 4 s 1 1 h 1590 16 t 21 3 z 1 1 n 47 2 c 176 3 r 275 7 d 1315 2 e 102 5 c 1205 3 d 895 3 c 253 5 d 1 1 z 48 3 d 81 3 s 96 3 c 216 3 d 100 4 d 1 5 w 1514 2 e 1 1 d 207 2 d 566 4 k 26 2 w 212 3 d 4 5 d 15 4 s 2345 3 n 47 4 x 595 3 l 321 5 d 104 4 s 2143 4 s 2138 2 d 1387 4 d 82 4 l 205 2 d 14 3 r 1016 7 s 1 3 h 1291 2 d 75 7 t 972 3   2551 3 P 1 3 e 1 2 m 1850 1 m 739 3 f 633 2 L 1 3 l 626 3 l 1 5   22 1   1 5 k 1176 7   1 2 b 624 3   855 8 o 1 1 r 2 2 r 718 16 " 698 3   1 28 ( 762 18 m 998 2 t 1989 4 d 339 12 d 1 35 t 39 7 t 60 20 t 9 3 . 1 1 d 2442 3 B 1 10 b 1 11 B 14 3 t 2395 11 s 1 4 t 2360 4 s 2117 5 s 6 6 t 2845 4 t 32 5 t 39 10 s 4 5 t 25 10 t 54 9 s 1 20 t 30 4 s 5 5 t 61 8 l 64 7 t 53 6 t 69 8 s 76 7 s 62 13 s 157 12 s 154 7 s 64 11 s 144 5 s 75 9 t 142 15 t 160 12 t 33 9 t 22 10 t 2674 8 s 127 6 t 37 8 t 134 12 s 218 15 t 105 15 t 38 8 t 36 15 t 186 8 t 297 27 s 301 9 t 357 10 s 77 7 t 217 13 t 181 11 s 228 11 s 334 12 s 65 14 s 455 8 t 258 14 s 5 7 s 2624 15 t 187 11 t 1 25 s 374 14 t 54 20 r 1 6 t 10 4 v 2639 2 r 2627 3 v 7 3 z 1 1 Z 1 2 z 5 2 z 1 3 c 1126 2 k 1 16 t 3226 6 t 2302 3 d 37 1 r 1 1 N 2249 6 n 1 17 d 131 5 e 1 1 a 3148 5 a 3 2 s 43 1 C 736 2 u 55 1 u 64 5 D 795 6 u 1 10 A 1 1 h 3839 7 F 2087 7 r 1822 21 b 1083 4 h 1 3   15 3 h 26 12 h 1684 6   10 4 h 34 5 h 1889 21 h 61 6   17 8 h 3674 3   79 5 s 63 6   1 38 s 139 1 h 3739 3 c 1242 4 d 208 4 D 2609 5 D 219 7 D 25 1 m 3148 4 v 3151 3 m 1793 2 u 1218 4 n 256 2 n 2256 2 B 3142 3 v 1 15 m 1 2 h 1 1 n 2284 4 r 2411 6 e 1 2   1280 6 L 1 2 x 1345 3 l 1582 2 l 2268 6 t 448 8 t 1112 3 x 1399 2 r 1567 4 H 1 4 h 3 3 h 1394 3 D 1149 12 s 2790 4 a 440 2 m 2033 2 u 1901 3 b 7 1 c 1335 3   4 2   1 8 o 1975 3 b 16 2 o 175 2 d 1362 4   407 8 H 1 1 m 1994 12 g 1 15 r 30 1 u 213 5 C 1 2 s 1502 2 C 120 3 o 1 1 c 3412 2 o 2001 4 e 2083 3 w 1 29 W 1 2 w 1 6 e 1836 3 w 2990 28 r 1 42 w 1 1 g 3639 2 n 11 5 u 2915 3 l 144 2 m 146 2 d 1 4 n 1684 5 d 1918 11 b 1388 4 s 3156 2 a 367 4 d 296 2 b 282 2 f 290 2   284 6 b 24 1   6 4 b 3 4 M 1 2 m 1 5 u 378 8 x 1733 3 l 3014 6 l 767 3 l 3306 7 e 76 1 x 760 3 s 119 3 x 23 3 s 4 2 s 445 2 n 443 3 Z 1 1 t 867 3 h 1 1 u 447 4 h 3109 3 t 955 29 t 1 12 e 1674 5 t 1 4 h 1 3 e 5 5 t 3832 6 g 30 2 n 1 10 h 221 10 h 109 1 Z 1 1 n 108 1 F 1 1 p 1 8 m 1 2 r 85 11 n 2 2 s 2147 2 t 439 3 t 2497 5 m 581 2 t 2296 3 t 12 3 n 0 0 / 63 2 a 1 4 u 2462 6 b 3 3 b 4 6 o 1 2 a 1902 4 n 1 6 i 2138 2 c 498 3 r 1019 5 r 12 2 r 3 3 c 2286 3 c 1 6 r 32 1 u 45 1 n 2 1 i 13 6 o 555 2 r 1989 6 c 35 3 a 22 1 i 1 3 s 43 2   0 0 — 46 3 a 43 2   414 4 r 50 2 i 142 4 i 1 4 o 6 5 i 25 1 r 327 2 r 88 4 s 32 3 s 6 3 p 24 6 i 1 11 l 1 1 - 710 4 r 136 4 o 137 2 n 141 3 n 2417 5 r 675 2 a 1 8 e 9 8 i 151 2 e 13 9 a 1 7 o 12 11 l 1 3 a 1 9 i 1 2 a 20 5 a 13 5 e 3517 2 a 14 2 a 65 12 l 35 4 l 15 9 u 12 8 i 36 11 e 54 5 a 33 6 e 62 8 e 63 5 a 119 8 a 2242 4 a 74 10 o 370 6 o 5 4 l 58 5 u 71 6 e 40 4 a 103 10 l 11 2 l 204 11 o 648 2 a 113 4 a 163 10 a 95 6 a 21 13 l 34 14 a 69 12 a 69 2 l 84 14 a 119 4 a 182 4 e 9 2 l 28 6 l 195 5 e 1 4 l 48 12 l 223 6 e 345 5 t 13 5 s 442 2 p 174 4 r 424 1 i 304 4 i 439 4   2868 2 p 882 1 A 1 1 F 680 3   1558 2 i 1543 7 i 418 3 u 2891 9   1 6 i 21 3 i 3 3 F 48 1 d 19 3 f 3219 4 f 1 1 e 63 2 e 1 3 u 36 7 p 70 2 u 1 2 e 68 4 l 1391 2 u 151 5 e 1 18 f 3215 2 C 1 1   563 1 - 46 1 P 63 3 a 1 1 A 619 2 o 1 1 A 213 4 a 371 8 o 1 9 r 3 2 u 1 2 o 2 2 r 9 3 e 1 1 o 709 2 r 1 4 a 41 3 c 1 2 i 1 2 b 68 2 i 863 3 i 1345 3 p 2498 4 i 1094 2 a 13 4 b 554 2 i 888 4 b 1096 2 i 16 2 i 29 2 g 1 3 p 16 3 p 42 4 p 32 3 i 39 3 i 1 1 g 45 5 y 1 1 b 3891 4 i 2567 7 p 34 3 p 1 1 l 956 8 b 81 6 c 275 10 c 2 2 c 1 11   1 3 c 387 3 e 390 3 E 1 3 l 1 5 i 274 4 p 1297 2 l 1174 2 c 1 3 l 1 1 B 122 4 p 1 6 a 3950 3 - 1 1 a 891 2 c 1 5 e 451 5 e 132 1 i 181 2 r 852 5 p 213 4 i 2303 9   1767 3 s 5 3 e 9 5 s 1 22   3 4   8 5 s 365 8 p 1 3 e 1 7   1558 2 e 20 8 p 92 1 d 1724 3 i 1729 4 e 717 4 a 392 2 A 1 2 a 1 11 A 688 16 a 1 19 E 1 1 r 747 11 b 224 10 p 1 9 v 1 2 p 1 1 o 1 5 p 1 5 r 1 2 p 5 2   1782 2 C 262 2 l 8 2 s 1447 3   109 1 n 157 7   1453 2 r 1 2 o 1524 2 p 3365 3   4080 6 b 1 1 l 3946 7   1 2 l 23 1 b 418 4 g 1567 3   1185 5 l 3225 4 i 1050 3 a 911 6 e 11 3 i 1020 6 i 648 3 f 835 10 e 1 6 i 43 3 u 799 6 u 41 7 a 61 4 i 21 5 i 2346 5 i 24 4 e 7 2 o 284 6 a 91 7 e 64 5 e 756 4 u 39 3 o 1054 4 a 2 2 e 1133 14 a 1 43 u 99 2 a 1 1 r 1435 2 u 3629 2 n 1 1 p 629 3   209 2 b 1 8 f 3422 4 a 3433 6 o 1 28 p 1 10 o 149 4   3470 3 t 1 1 - 1431 2 e 1 12 c 616 7 e 1 2 y 39 4 i 46 2 F 703 5 p 2418 42   1 15 p 60 2 - 388 2 f 1040 3 s 758 6 l 370 2 p 626 7 a 162 11 e 989 7 e 1340 5 o 10 5 e 5 3 l 26 3 e 357 8 e 1029 5 o 19 2 o 340 3 u 1016 3 o 300 14 u 1 5 e 1031 3 u 1658 6 a 5 4 A 25 8 u 1 8 a 874 1 g 1 1 B 1 2 a 1 3 c 892 7 c 1 4 a 2330 2 b 157 2 P 116 2 o 1 6 i 151 4 E 2952 6 u 1 5 r 1304 5 l 2601 3 r 4012 2 e 26 2 l 967 3 i 810 2 e 221 2 i 2715 2 l 5 2 l 1969 3 n 2009 2 l 3 1 e 2054 4 l 38 2 l 1 8 g 2190 8 l 452 2 t 4072 3 l 45 2 e 979 3 g 1141 2 t 63 2 t 2650 2 e 85 4 l 3 4 t 28 2 e 1 4 n 1071 4 n 17 4 e 57 5 e 322 4 t 47 2 l 769 4 o 0 0 O 1725 11 e 309 4 r 7 3 h 555 3 r 1 8 s 1 1 o 2066 6 e 362 5 r 14 5 h 221 4 r 1320 3 h 2 2 a 324 2 r 1325 4 u 2955 5 r 33 4 u 9 5 r 53 2 r 2029 4 o 4014 3 a 250 3 o 69 3 o 2266 5 e 1408 16 r 19 2 e 26 4 o 81 3 r 345 2 h 763 4 a 809 3 h 66 3 o 52 3 s 133 2 e 7 2 r 77 2 e 1119 3   1 1 I 1 8 i 1 2 I 2090 18 i 936 4 e 101 5   3 5 o 1175 5   971 6 i 1264 4 i 154 4 a 593 2 s 2 1 u 1 2 f 1 14 u 18 3 u 1 33 b 60 2 s 2190 4 r 1 3 e 1 1 m 2425 3 r 3272 18 m 1 3 a 575 4 h 222 3 e 5 2 m 27 10 r 1 24   166 6   7 2   405 5 r 1 39 o 12 23 r 1 6 i 243 4 r 115 24   1 19 o 313 6 e 1 10 u 1 19 o 542 6 y 1 3 a 585 8 a 656 2 e 1899 11 i 2273 7 e 18 2 i 2281 7 a 28 5 i 34 7 i 2570 4 e 433 2 a 2393 5 a 32 5 o 6 7 e 993 13 o 1 25 a 2341 5 o 612 4 i 131 4 e 87 3 a 122 3 i 69 4 i 3247 5 m 681 3 a 3456 3 h 694 3 h 2681 8   1531 3   28 3 e 49 2 i 225 2 e 1523 2 p 1 3 g 189 6 e 2142 6 u 4 3 g 19 2 h 453 3   407 3 a 3110 6 m 51 2 A 1368 3 o 1121 5 e 121 5 o 1160 9 e 17 2 e 3854 5 a 1128 4 e 160 4 e 2535 9   1 25 h 1 13 o 1188 5 o 1 34 h 291 23 a 1489 10   795 10 h 1239 6 a 860 2 e 391 5 m 493 5 a 209 3 s 4043 6 s 1 2 u 641 4   1 1 D 3126 5 m 826 6 o 357 6 u 233 11 a 513 8 o 1 15 g 1849 4   600 23 l 108 4 o 793 3 a 331 5   1 11 ( 9 8 e 591 2 e 950 4 l 1940 10   1 15 a 624 8   2 3 u 653 10 i 624 5 o 1 13 e 1041 8 o 724 11 a 1873 18 i 30 1 I 1106 2 I 1110 3 a 2599 12 i 671 5 i 88 5 e 1 6 I 1144 7 o 1 350 i 1506 4 e 2121 6 o 1 14   968 6 h 1 3 a 1577 2 h 12 2 e 5 3   21 5 r 1648 3 h 20 3 a 11 3 e 3914 5 e 7 5 r 453 4 h 521 3   875 3 u 740 7   1562 8 m 1 9 a 1284 13 o 1141 27 o 930 7 i 110 2 o 2032 10 a 582 3 i 1689 10 I 1688 11 I 2528 3 o 10 6 o 45 6 i 2574 5 o 59 9 o 1317 4 i 1945 1 i 603 6 a 1219 4 i 7 6 o 10 3 w 42 3 A 18 7 i 912 3 h 134 5 I 99 2 o 1996 3 o 130 8 a 6 4 I 1050 4 i 682 2 i 1813 11 i 1323 6 I 135 2 o 2709 6 o 1424 6 o 372 12 I 754 6 a 104 1 I 739 6 e 1018 7 o 787 8 g 777 6 o 56 4 I 776 8 a 34 4 r 1660 3 e 3799 8 g 2393 14 a 3980 14 o 180 4 o 146 6 o 113 2 g 1 5 e 27 5 e 57 9 r 3996 6 o 268 7 i 104 4 g 1813 4 I 534 3 o 2396 5 i 286 6 e 3149 5 o 3934 6 a 5 6 A 1597 8 i 593 11 o 599 6 a 89 4 a 4095 9 a 2973 6 e 32 4 O 14 3 A 7 2 w 1 1 o 493 15 e 153 3 i 394 5 a 1083 5 o 542 31 e 3078 4 e 2319 2 i 380 4 o 3862 3 I 437 3 e 1180 18 i 319 7 a 1154 5 g 1359 19 o 1 36 A 1636 5 i 402 5 o 2830 7 a 831 3 o 21 3 e 1808 4 i 2424 16 e 39 5 o 128 6 o 568 7 o 13 3 I 1864 5 i 175 3 i 21 4 i 565 5 o 925 16 o 279 6 i 721 6 i 318 4 i 317 1 o 6 2 I 249 4 i 22 3 I 8 4 a 1366 6 a 2480 5 o 78 4 i 13 2 e 1903 4 e 1366 4 e 3373 5 o 1372 7 i 190 4 o 371 10 i 392 3 o 1 28 e 633 6 o 1504 7 e 151 6 i 2680 4 e 1568 7 o 933 6 a 523 15 o 468 7 e 3355 4 i 468 4 o 1959 7 i 645 5 i 47 13 e 8 7 w 143 8 e 18 7 u 479 3 o 1210 20 o 296 14 o 3216 6 o 50 4 e 174 7 t 652 6 E 1 1 a 591 3 i 11 4 e 1034 8 i 145 5 a 530 5 o 2427 5 e 3708 8 o 527 1 i 87 8 g 1 4 o 10 3 g 13 4 r 199 4 g 1 4 r 2563 7 i 1 3 r 47 4 i 20 2 i 536 7 g 52 5 o 36 3 g 20 2 g 11 4 o 2370 9 a 2491 3 g 3989 4 A 3993 5 g 1281 1 y 1 1 h 36 1 / 2109 6 a 3336 5 i 70 7 i 1 21 a 2663 7   177 3   1 2 d 1 1 a 1834 3 I 2760 5 e 1 38 i 1947 7 e 1 24 a 27 5 a 84 40 a 82 3 O 62 12 a 57 9 a 10 7 a 2608 4 a 223 6 o 2084 15 e 1 33 u 2597 6 e 1 59 i 870 5 i 3261 12 e 1 11 E 1 1 e 4 3 E 6 5 e 9 6 e 26 8 E 15 10 E 11 5 i 1 1 u 1 4 U 2 2 i 405 9 e 303 8 a 1254 3 e 279 7 e 246 7 e 278 7 a 2523 5 u 5 4 a 1 107 u 117 5 a 24 18 a 28 6 a 31 20 u 1325 8 a 994 6 i 2504 14 u 137 52 e 143 9 a 119 7 u 4082 17 a 197 24 e 29 3 e 1 1 U 1 7 a 2594 5 i 394 7 i 476 3 u 946 6 e 1933 8 a 3959 11 i 876 2 o 627 4 u 71 5 u 9 3 u 106 7 i 12 1 y 1033 5 o 881 5 o 974 5 o 1114 6 i 897 13 y 2954 3 a 45 2 y 697 4 i 3290 7   1 2 n 1 2 i 994 5 g 1001 4 i 3478 4 i 27 7   3855 10 i 629 7   2 1 n 1143 7 a 1038 5 i 1 1 n 1 2 e 691 24 u 44 4 d 8 1 t 4030 4 r 1 5 . 1 1 e 1 5   121 3   2362 8 i 1 30 I 4039 8 i 30 22 i 304 10 o 76 31 o 107 31 i 1 290 o 30 54 a 1561 10 i 28 38 a 3441 10 i 1613 8 a 2587 10 e 1241 6 e 7 4 a 128 20 o 1442 7 a 1026 4 i 1 12 r 3895 4 h 1 4 u 3603 7 e 1750 6 a 29 4 r 835 4 n 56 3 r 3946 14 h 1 3 i 756 5 I 806 2 u 895 3 U 952 3 U 974 8 a 824 2 i 184 11 o 13 8 u 24 1 w 2062 7 O 2059 7 o 1861 5 A 1180 7   4052 19 h 1 6 e 1 157 o 1016 3 n 190 6 n 1109 2 i 3375 3 ( 1053 2 e 3971 19 A 2089 4   4015 4 e 48 6 S 1 1 K 1 1 k 1 4 i 3870 14 h 3246 4 o 348 2 o 2868 9 g 2442 15 o 2452 10 a 2805 9 a 3188 9 g 14 4 i 516 4 o 2221 11 e 178 9 o 1 2 U 1542 15 a 3189 19 i 2491 8 e 1780 8 a 1 4 h 3606 2 i 1172 12 i 156 8 I 576 3 e 1966 19 e 2100 8 a 1592 5 e 2142 11 a 1882 5 e 21 9 a 169 13 e 2100 7 u 2102 3 u 2107 6 a 2259 8 e 2199 13 a 24 3 i 1604 5 e 143 6 a 2588 8 o 2207 22 i 942 14 o 2853 12 I 213 4 I 5 6 i 1401 8 i 1403 13 o 1 4 y 1 1 e 2374 23 e 362 9 e 217 12 a 1 9 I 137 11 o 1005 14 o 3221 4 o 3570 7 o 3314 4 I 1542 16 o 2269 8 e 413 5 e 2460 12 e 2217 7 u 283 11 e 4050 3 a 1 3   1 12 a 4049 11   4060 11 u 1919 6 o 3862 6 i 931 7 o 1766 6 o 1790 6 s 1 1 i 88 2 t 1056 2 e 4 1 t 1 9 i 5 6 i 3289 3 e 2713 6 t 12 3 t 1 1 e 4 2 d 2 3 a 7 1 z 11 2 t 1 18 s 6 6 i 1052 1 t 28 19 s 83 4 i 96 7 i 86 3 i 441 6 e 2550 11 i 847 3 e 36 7 t 4023 5 e 30 4 i 4035 6 i 50 5 e 3677 5 i 2 3 t 166 8 t 52 5 T 55 6 e 6 6 e 196 6 i 54 5 t 24 9 t 19 2 a 3824 5 t 1 1 N 107 1 s 233 4 w 213 3 t 1 3 n 1 1 d 47 3 s 254 7 i 4 3 h 57 3 i 203 19 e 1277 2 r 49 4 e 95 5 t 36 8 i 138 5 t 262 7 t 1 22 h 3 2 r 371 2 t 195 3 t 47 2 e 148 7 C 1 1 e 1308 4 g 432 2 V 0 0 l 1 1 i 1 1 l 1454 2 e 6 3 t 141 3 e 159 2 w 193 3 l 18 2 h 1 2 N 8 1 m 1 1 c 1 3 i 25 2 s 1 1 u 5 1 C 1 1 r 1 13 h 1 6 l 1 5 r 1 6 C 7 6 d 0 0 Z 1 1 t 0 0 R 0 0 M 1 1 R 1 1   3234 3   7 2 R 5 2 K 9 1 v 39 3   67 14 r 1 22 l 449 6 s 1 1 S 1 1 l 1 11 t 3302 2 o 1496 8 o 1 2 T 156 4 c 1 22 C 6 11 c 7 5 C 26 7 M 212 2 m 1 7 M 5 4 c 1 8 m 1 6 c 1 10 m 15 14 c 92 19 C 5 5 C 105 12 c 144 26 c 45 12 c 1 38 C 67 18 c 18 14 r 0 0 G 1785 20 r 1 21 m 244 1 r 414 3 d 958 21   1 320 r 1 2 - 1 2   2 1 H 2 1 r 699 2   1 9 S 1 3 s 2 2 s 4 5 s 1 2 l 0 0 L 1 2 l 820 6 m 6 3 L 737 11 t 629 3 r 1 3 t 1 1 l 1 18 M 1 2 m 0 0 J 1 5 d 1 18 v 499 3 v 5 4 h 914 3 v 2595 22 J 1 2 n 1 1 l 1 9 r 1 14 o 1 4 r 2084 16 b 3 2 c 79 1 D 1 2 f 1 21 h 1 1 f 0 0 W 1 1 P 0 0 p 226 4 r 3233 3 c 1 2 f 1 4 K 3343 4 i 3286 4 n 1 14 i 22 4 G 1 3 c 1 3 o 1 22 b 3 3 b 4 2 p 1 1 v 1181 1 s 1 6 v 1 1 p 1 1 c 743 2 r 1 7 d 1 1 r 4 3 d 1087 26 T 93 3 D 281 8 t 331 5 c 1 4 n 1 7 c 1 1 S 5 2 s 398 2 n 1 3 s 1 4 n 4 4 n 16 5 n 1 27 s 68 11 n 45 33 n 1 68 r 1075 6 c 1231 14 C 1 5 c 6 5 h 220 2 C 1051 14 C 16 14 C 1115 26 C 1160 52 c 98 5 C 1 14 c 1202 21 C 1413 16 c 132 22 C 29 20 C 213 16 C 104 11 C 166 35 c 243 51 C 35 5 C 72 31 C 231 15 C 152 12 C 385 5 C 21 6 C 5 2 h 3340 5 i 1 18 s 7 7 n 24 15   2379 5 i 11 6 i 10 3   14 4   20 7 v 19 10 i 36 8 i 1 2 p 9 3 i 1 23   2419 3 i 110 7 i 1 36   1 2 p 78 4 m 1 1 d 1 1 i 16 4 i 30 13 i 1 20 n 86 34 i 1 65 s 86 55   38 5 m 24 18 p 2747 9 i 341 13 i 201 30 s 251 22 s 2346 4 i 13 8 m 5 4 d 321 3 m 305 25 n 1316 3 i 314 34 i 1 21 Y 1 2 i 1 30 D 1 2 c 664 7 p 1 4 h 1 3 p 190 1 t 2047 3 h 3 2 - 4 3   9 4   40 1 B 29 4   139 2 h 869 8 L 506 2 l 1569 3 h 3 1 m 1 1 s 1 1 r 1347 2 M 43 4 m 4 6 c 1 2 H 212 8 m 176 44 S 15 14 c 1 3 p 926 16 C 889 16 C 1015 11 C 124 2 C 1251 10 C 901 10 S 216 3 n 2744 1 g 3412 2 l 1 1 b 18 1 b 2817 14 p 1 1 t 1 9 T 1 2 t 1 17 l 1566 7 c 1 18 h 1 2 F 1813 4 r 1932 17   1854 8 t 1971 3 l 272 1 e 1873 14 d 1 3 n 4056 7   1 4 p 1 8 r 1 10 c 189 3 f 52 1 s 1 3 t 1 2   1846 3 s 1880 10   7 6 F 3 2 l 2 1 n 9 3 l 963 2   36 1 f 24 3 s 8 2 f 1 10 i 44 7   1 1 / 1 1   6 1 r 14 5 F 67 9   43 4 F 2 2 F 1 3 f 13 5 f 26 6   60 5 i 1 2 f 26 3   16 2 j 0 0 ( 163 3 f 29 9   3 4 F 14 5 t 118 2 t 128 3 i 160 5 f 24 3 f 29 5 t 13 4 t 20 4   142 11 l 178 6 f 5 2   773 2   30 5   3 1 j 25 4 t 1 15 p 1 9 b 2020 1 V 46 1 c 1 4   600 3 o 1 23 c 1 3 t 1 2 f 59 4 m 1 8 t 133 4 m 9 4 f 22 10 f 13 4 l 469 5 t 3477 5 e 1 2 F 0 0 . 1 7   230 5 e 730 2 t 554 1 g 1 1   1 16 t 1 4 b 27 4 g 1 53 h 3385 2 w 1 3 Y 3 2 W 10 6 w 8 4 W 4 3 f 1 30 n 7 7 n 9 7 F 32 15 F 64 31 f 1 52 F 29 28 K 1 1 f 207 1 e 1 3 m 3326 16 t 785 3 s 3484 6 p 1102 3 p 2554 2 p 1 11 h 1 4 w 32 3 p 389 2 e 2 5 t 68 3 e 9 3 e 12 4 g 436 4 m 3706 2 t 3835 4 i 3728 3 r 1 1 M 54 3 l 55 5 p 433 2 p 1 4 l 10 2 p 2555 2 J 935 1 C 1032 10 o 1 1 l 1 1 P 1 3 p 829 3 l 868 2 l 877 1 H 1 1 P 42 4 L 1 7 l 2883 4 L 896 4 L 8 4 L 2910 8 l 2905 9 L 36 5 L 4 4 L 47 6 l 5 12 l 67 11 m 3609 7 l 2953 3 M 3604 9 M 3626 4 M 115 1 m 17 2 N 2458 9 g 3 2 N 1 2 n 1 7 t 3907 3 p 1 10 N 1 1 b 1 2 n 599 4 n 6 3 n 1 3 e 1 6 M 75 5 m 16 2 m 1 4 h 3908 4 r 3796 2 l 659 2 Y 1212 1 Y 1393 4 n 2546 2 r 5 1 c 1145 2 c 329 2 r 976 3 s 1 7 F 77 1 F 1 1 r 13 8 m 3753 9 m 1103 13 h 3890 5 s 3893 3 s 1 16 F 3128 6 t 449 4 h 2895 2 c 4051 2 d 2880 2 i 1 8 e 3 2 u 4 2 c 1 10 b 1 5   43 2 b 7 4   4 3 r 0 0 k 1 1 n 116 3 r 3653 6 N 210 4 N 824 6 c 955 2 c 3 2 r 1277 10 B 215 2 H 1338 3 l 214 3 l 4 3 n 3187 5 r 435 2 h 1 4 H 1 2 L 1 1 r 4067 4 h 5 4 l 31 4 n 1 1 d 3 2 D 1 2 d 1470 3 b 1 2 r 1 3 R 350 1 r 13 2 i 1 3 l 1 2 u 1 3 0 2 1 U 13 4 a 2 1 o 1 1 a 1 4 o 16 1 m 1 5 e 27 2 i 14 2 u 190 2   1379 3   4 4 u 1391 5   4 3 u 27 2 i 614 3 t 1 13 a 1 2 s 1 9 A 1 1 a 1 2   1749 3 m 1 5   1 12 e 2302 4 m 20 2 m 23 4 e 782 6 m 39 6 ( 1327 4   1 2 ( 4 3 s 400 7   13 1 y 1 1 a 3 2 o 1 1 e 384 4 S 385 17 s 1 5 S 16 15 o 1 14 i 1 2 o 1844 16 s 55 5 S 3649 10 S 19 5 m 254 5 e 864 4 m 1 5 x 250 2 o 826 2   1 17 - 3728 2   1 5 u 311 4   106 7 x 1 3 y 1 3 a 1302 2 e 1 2 ó 7 1 m 77 3   345 4 r 711 2   87 4   35 1 y 1 13   376 5 o 6 2 o 936 3 e 738 3 m 303 10 o 69 2 x 1 2 m 322 6 m 1 1 p 2071 7 m 6 2 m 207 3 p 1458 9 m 1 2 u 2 3 m 1 10 i 26 11 u 1100 13 p 99 5 p 10 8 i 2 1 U 1 2 i 182 4 x 1 8 a 181 3   111 4 o 1 4   1503 4 p 69 2 s 802 9 s 261 11 m 1 6 r 1 2 x 1 2 e 17 10 m 233 2 o 3835 10 r 1 1   1 23 i 613 2 o 2 1 i 559 5 a 1 4 A 9 17 i 10 7 A 1 5 a 1 6 u 653 5   1948 3   1 14 e 354 4 e 1 10   277 12 m 1 337   678 5 o 408 2   1 6 S 1 7 t 624 14   1 26 e 842 4   461 7 m 26 12 p 55 3 m 1 4 p 2541 12 a 1364 2 e 4 1 t 1 7 o 674 6   75 7 m 2 1 . 1 3 e 32 2 e 1 7 O 1 1 o 1 7 O 1023 5 e 1030 2 e 11 2 O 603 8 e 1 19 m 99 2 / 598 5 o 1 8   1003 4 - 750 6 n 1679 2 n 2833 3 n 1637 6 m 1 13 o 1 14 v 1385 1 E 218 8 - 245 17 i 1155 6 S 130 20 e 1 128 i 1 11 k 930 2 e 1 14 a 1029 2 e 325 2 o 3 3 o 340 2 o 9 3 e 1 12 o 53 4 a 32 5 a 37 5 e 273 9 e 1252 3 e 38 7 o 23 5 e 6 2 e 44 5 u 1439 3 o 49 3 a 24 3 u 23 4 o 30 5 a 29 4 a 33 4 e 344 10 a 13 3 a 28 3 o 72 10 o 94 5 e 24 4 o 151 8 o 118 10 o 138 3 o 39 10 o 132 7 a 1 11 o 91 7 o 39 8 e 6 10 o 125 11 o 31 11 a 47 2 i 56 7 o 264 8 o 272 16 e 220 2 e 25 5 e 2056 3 e 41 2 i 111 6 e 213 5 e 1695 10 o 85 6 e 63 5 o 117 19 e 335 4 e 76 7 e 5 4 o 5 5 o 214 8 o 720 5 o 60 7 e 39 5 o 154 4 e 784 6 a 381 8 a 9 9 e 468 9 a 12 8 i 56 5 a 31 6   681 2 u 2024 6 A 1 3 i 0 0 G 1 3 t 3101 4 a 2718 6 P 1 2 t 53 5 t 1 2 u 2693 2 t 1 5   3056 3 B 1 3 t 198 18 e 62 1 b 366 6 P 276 3 t 202 9 e 170 5 o 409 8 i 475 4 f 1 1 c 1 1 d 1 1 f 1 22 g 1 2 G 3096 4 F 101 1   1 1 B 1 3   1 7 a 3717 3 T 3721 5 T 2203 14 T 3751 11 t 1 14 g 76 3 G 919 9 a 1624 2 t 1 1 P 1 6 p 4047 3 a 1 1 - 2246 2 t 91 4 e 647 6 t 1265 6   1650 14 a 1642 5   38 3 o 55 1 e 65 2 - 1 2 G 1300 3 u 1 19 o 2385 3 e 378 12 e 548 6 u 1 2 a 1 27 A 1793 6 a 9 3 A 1799 7 e 433 8 a 1 14 o 728 5 i 23 3 o 1 30 a 5 5 a 1 16 o 572 5 a 266 3 u 147 5 u 181 4 e 675 3 e 927 3 e 49 10 o 61 3 u 105 3 o 12 4 a 782 6 a 7 4 i 7 4 o 1001 9 a 604 4 a 988 4 e 257 6 a 59 5 i 10 2 o 724 3 u 19 4 o 94 3 a 68 7 u 126 5 e 129 3 o 662 4 a 1449 7 i 55 4 e 2570 1 o 378 13 a 34 9 u 13 2 l 2216 2 t 1 14 A 27 5 c 1 4 C 3317 6 g 1 4 c 11 1 g 3459 5 e 2767 8   2192 14 i 3937 3 i 1 1 r 1 4 i 621 3 e 415 4 i 167 4 a 1548 4 " 2960 2 r 24 2 o 193 3 i 1615 3 o 272 9 o 2595 2 p 1 8 P 1780 32   1558 15 F 728 7 h 4 3 f 5 1 g 658 2   1 44 e 2399 16 ( 6 5 r 1 4 a 2949 4   3971 5 i 217 4   1590 90 T 113 5 e 1 15 r 2556 19 ( 161 5 f 1 11   386 13 u 1 4 i 174 4   2745 16   20 4 h 227 7 / 229 7 r 39 12 P 954 4 p 1 336 e 458 4   1 8 c 1 13 o 2341 7 p 3612 5 p 761 7 e 864 5   1 1 d 1 1 o 1258 13 o 1155 12 a 1121 5 a 1034 4 a 841 8 e 1235 7 d 1 3 o 1574 3 t 1302 25 p 2573 2 a 1 9 c 1 2 t 1 16 e 1421 3 e 761 3 f 1 1 t 3838 3 o 3964 6 b 1584 1 b 1 1 e 1589 2 u 30 3 a 980 5 a 2639 9 t 1 21   58 2 o 1 15 p 122 6 p 623 5 P 290 5 a 1265 8 o 1319 5 u 2717 3 e 1497 4 o 104 2 a 3 2 p 1 6 t 2840 2 P 1 4 e 5 5 e 1244 6   21 1 c 1 4 h 17 1 K 15 5 h 1 2 B 1460 25 a 1533 5 A 1546 5 a 1505 31 o 1 1 c 1 4 a 1440 4 a 1908 2 P 266 2 o 2404 6 o 18 6 o 8 4 o 6 9 o 405 12 a 2070 7 a 1411 10 e 2311 18 o 2017 9 e 128 21 e 52 22 o 1 102 e 2446 6 o 2452 11 o 10 7 u 1 5 e 1931 13 o 230 4 t 293 2 r 1 1 t 3262 15 b 562 3 B 3 2 P 1113 7 P 2081 9 p 1517 9 p 16 6 P 8 3 p 30 6 B 493 3 t 1 7 p 506 3 p 10 6 h 1 2 P 15 3 d 530 2 t 524 7 P 76 9 t 2 1 f 1 4 F 1 2 f 1 28 p 689 4 u 4053 7 P 7 6 d 604 4 t 1 8 r 505 5   29 3 h 1 2 a 1539 2 G 1 5 g 2282 3 G 231 2 p 108 7 p 1 7 r 289 4 h 29 2 r 955 4 o 1 4 u 2220 7 o 2774 9 i 1 4 u 2245 9 o 26 6 u 322 2 a 957 2 e 349 10 o 2508 6 a 351 8 a 2527 10 e 2531 7 u 2017 5 e 2297 10 e 3199 25 e 2167 4 o 2060 4 e 1046 4 a 3086 4 e 593 15 a 774 8 u 1 9 a 2359 11 A 2052 5 e 2789 8 o 523 9 a 462 1 t 2589 14   1 1 u 139 7 u 538 6 o 1191 15 r 18 2 r 819 4 o 215 5 o 2264 6 e 2378 7 a 1310 2 o 1 2 r 777 7 O 1 1 e 1 5 n 1 1 l 1 1 e 2847 6 t 1166 5 e 1 3 s 5 4 l 24 2 d 1014 2 e 1 4 c 4 3 k 36 6 e 16 5 k 34 2 c 21 5 t 1 2 c 21 4 l 1 1 k 559 2 e 7 3 l 18 3 n 41 4 d 1262 2 i 3695 1 s 14 4 n 44 3 s 1 1 n 7 2 e 81 2 l 32 2 e 39 3 r 1924 3 n 72 3 c 1 10 t 343 5 A 191 3 ' 26 1 s 3 1 c 1264 5 i 422 2 n 2475 3 ' 452 3 a 1 4 w 71 2 s 1 1 a 1 3 s 19 1 e 1 9 d 1 4 i 7 2 e 56 3 s 49 2 ' 242 3 I 1438 3 i 14 1 a 6 2 s 264 3 i 12 3 a 2315 3 e 360 5 i 437 4 a 86 3 t 157 1 t 1 2 s 163 2 y 139 1 f 400 6 i 1323 2 e 4 2 i 76 3 t 235 4 l 7 4 s 229 2 0 4017 2 e 196 4 m 1 2 s 22 2 m 1 1 r 508 6 d 1 2 e 1335 2 d 2111 5 m 1476 5 d 7 2 c 10 3 c 239 4 m 252 2 e 47 2 s 88 2 s 1 2 i 235 3 y 1 1 e 495 7 d 87 4 e 297 3 s 357 3 m 320 3 P 231 3 m 68 2 e 54 2 i 77 5 s 52 2 i 30 4 s 1 3 c 5 4 t 166 2 s 1 9 e 161 2 s 226 1 s 81 2 c 11 2 m 238 3 s 296 2 e 32 2 a 214 3 u 52 2 a 5 1 b 2699 9 i 3808 3 a 160 2 i 216 4 e 1631 3 u 3546 3 i 250 3 e 431 3 e 693 3 t 43 1 i 298 2 ' 142 2 a 44 4 t 175 2 d 1 2 l 242 2 p 209 2 d 226 2 t 9 1 d 4 1 n 470 3 l 1 1 n 450 3 e 1879 5 a 1580 3 r 542 7 t 424 3 r 2 2 ' 643 4 l 541 7 k 202 3 s 17 2 s 246 3 b 79 2 a 18 2 P 1 1 n 265 2 A 9 3 n 317 3 a 8 4 k 56 2 k 2427 4 n 65 2 m 5 2 a 1 1 m 86 2 g 174 7 l 123 2 i 58 2 i 300 3 i 178 3 n 209 3 r 574 2 e 183 3 y 402 4 t 222 3 a 357 2 y 418 3 n 360 3 i 1 3 l 49 4 i 28 3 i 663 3 g 1047 2 n 417 4 n 687 2 e 1 2 p 1 1 k 423 3 s 65 2 g 20 2 s 548 8 s 26 2 m 198 3 k 689 3 d 12 1 l 181 2 t 32 2 e 77 2 n 6 1 g 1 4 e 162 2 e 235 2 n 1 4 e 1664 3 a 294 3 i 1 2 n 1 5 t 232 2 a 126 2 e 495 2 i 49 2 t 314 4 r 322 3 i 330 4 i 161 3 i 130 4 a 185 2 a 268 1 t 146 4 i 2580 6 i 60 5 r 197 3 r 756 4 i 647 3 s 221 3 i 89 4 a 220 2 t 46 2 s 20 2 w 15 2 t 363 3 t 562 3 d 521 3 i 665 5 s 158 2 l 2 1 r 13 1 d 589 3 e 3685 4 t 154 2 a 3167 10 a 1125 4 s 422 4 t 506 2 e 1068 4 i 130 5 e 82 2 i 66 3 u 622 4 t 346 2 s 266 3 n 291 3 c 65 3 d 5 2 a 172 3 r 77 3 d 534 5 e 95 2 d 377 2 m 1213 6 d 5 4 t 4 3 m 7 3 e 15 2 l 650 3 i 216 2 s 448 2 i 247 3 t 1 1 k 13 3 a 59 2 0 1 1 e 66 2 ' 11 1 g 503 4 n 211 3 m 501 3 G 170 3 c 1 1 l 1 1 u 682 2 n 1090 6 s 339 3 e 226 3 k 706 2 e 19 2 0 0 0 D 457 3 m 582 2 d 543 2 l 30 3 a 470 3 n 4 3 r 362 3 c 300 3 r 27 1 0 33 1 n 89 2 e 89 3 0 55 2 n 7 2 w 6 1 u 358 3 t 391 2 r 460 3 e 255 4 r 5 2 n 655 3 a 468 4 0 603 2 e 411 3 l 515 1 n 1098 3 c 224 3 l 1 2 w 4085 4 s 117 2 m 920 3 e 1224 4 c 562 4 e 77 4 e 664 3 m 957 4 t 330 3 0 506 3 t 644 3 t 27 3 r 735 4 i 839 3 r 22 1 o 358 2 l 541 7 t 78 3 c 277 2 a 1392 2 b 1163 7 c 965 2 n 53 3 c 43 1 / 206 1 a 155 2 m 1266 5 e 1727 3 p 1 5 l 156 2 c 481 4 u 547 6 r 3135 20   1 5 s 1271 3   2680 3 n 40 5   3129 4 d 1400 1 i 4000 6   3365 19 / 3547 5 i 3515 2 i 1 13 e 1653 8 n 1 1 u 608 2 U 1 3 u 1537 6 u 9 1 e 3828 3 o 1626 3 e 1718 4 a 1010 2 i 26 5 U 33 5 a 4 6 e 1729 6 o 2757 4 e 1594 7 u 1586 7 o 1552 2 r 5 1 l 1083 3 a 413 3   2830 3 e 3701 6 u 906 4 i 698 5 o 71 4 s 2 2 s 381 1 o 1725 13 s 1151 4 s 1252 3 U 144 8 u 1 4 s 26 3 u 1770 11 u 62 5 u 5 3 s 1782 9 s 17 3 a 5 4 u 1810 18 r 24 4 s 4 4 u 7 3 s 1 4 o 79 2 ( 3404 4 u 1 2   341 6   324 2 s 23 3   345 5 e 1 12 s 1316 4 e 624 2   1 89 - 3859 5 - 1 7 e 303 5 - 3879 7 - 8 5 b 168 2 n 175 4 n 338 3 U 283 2 o 362 3 s 283 7 a 3147 3 a 4006 3 s 382 5 i 53 5 n 1 31 a 422 2   393 2   4087 6 i 1 2 . 1 1 i 545 2   536 5   1 9 a 430 5 a 2124 2 s 735 2 n 738 3 r 337 3 u 342 5 u 6 4 g 1247 8 e 2315 10 e 63 11   648 14 e 33 9 e 342 6 a 337 15 o 1 10 u 424 4 U 5 3 o 502 7 o 113 4 u 18 4 s 484 5 s 458 6 u 461 6 u 16 4 s 535 6 s 1 7   195 6 r 182 2 s 1 11 r 1 2 s 1 52 i 54 53 s 1 66 i 75 78 n 87 15 i 287 12 i 23 4 n 18 2 i 1072 6 a 1570 5 y 2150 6 y 3853 5 p 1 1 y 640 2 b 420 6 n 1188 5 r 1371 2   359 3   5 4 a 3 3 a 2318 5 w 1 3 a 1 7 l 2168 7 s 1 40 ( 1067 4 u 1069 5   12 2 s 2534 4 n 1 9 l 1 7   2 3 l 90 5 o 3971 4   1254 1 / 1 4 b 1 5 e 599 13 i 1250 3 m 4 2 i 1456 3 l 1122 5 s 547 14   1 27 / 1 1 e 723 21 e 22 13 - 938 7   24 3 r 1462 8 a 769 23 / 83 5 e 1 55 o 2 3 a 14 11 e 6 9 e 67 41 o 845 3 E 4021 10 o 144 60 e 1 34 i 27 53 e 3359 20 e 62 59 e 189 80 e 339 13 o 4000 45 i 1368 4 a 1335 12 e 18 2 I 62 38 u 1903 3 a 1240 2 o 4052 5 a 1419 3 o 628 2 o 910 2 n 1541 5 o 2637 4 o 4092 7 o 968 6 o 3490 4 r 1346 4 g 2844 3 r 3503 6 o 29 4 e 2011 3 y 713 6 n 1 3   1 18 r 900 3   735 9   1 7 n 1 2 y 1 15 i 1656 4 a 1020 3 o 2738 3 i 2098 4 i 1 11 u 16 4 u 3 3   777 8 i 3377 3 e 131 4 n 1 1 b 2 2 b 1 2 u 1139 6   1 41 i 1 13 b 92 5 n 196 9 e 3918 9 i 1749 12 n 1 6   9 2 o 2277 3 i 844 4 a 960 3 i 4069 8 U 1 1 i 15 1 t 2380 17 ( 2 3   4 9   28 14 ( 2460 14   309 3   95 2   1777 10 n 1011 2   217 4 a 128 7 i 1287 38 r 2587 8   1163 6   1943 9 w 2635 2 i 2885 2 c 2641 4 n 1409 3 e 7 3 I 3405 3 s 1322 3 e 2674 3 a 0 0 x 1 1 n 2993 3 s 2 2 r 3577 3 n 1343 4 r 36 3 e 2 1 f 3328 2 n 1979 4 c 2 2 i 1989 4 n 3070 3 e 1930 4 o 1 1 s 2109 3 o 581 2 c 1 2 a 2076 3 i 3817 3 n 2813 3 e 2138 4 s 68 2 o 4 3 n 1 4 s 10 2 n 2607 2 a 3256 3 I 34 2 o 204 4 h 2856 5 r 2387 7 a 85 3 n 2870 4 n 473 4 r 141 3 n 3904 5 n 478 2 a 88 2 n 128 2 c 2640 4 s 2885 2 c 1494 5 a 26 2 i 774 3 a 38 3 p 18 1 x 1 1 s 100 6 s 87 3 e 5 1 I 3334 4 s 3952 3 i 12 2 l 1513 4 o 112 3 l 42 3 i 3 4 a 229 2 i 818 3 I 84 3 i 3554 5 I 69 4 n 83 4 a 804 4 s 20 2 n 74 2 u 12 3 a 195 3 n 3073 4 h 3 2 x 269 4 s 1618 8 s 3 3 c 166 3 n 53 2 x 84 4 i 254 4 a 305 3 s 2672 4 a 3641 6 s 270 3 s 176 3 a 122 4 u 2790 3 n 28 3 n 2869 4 l 3551 3 u 291 4 a 2320 5 u 1 1 h 2441 5 a 872 3 n 352 2 n 151 4 r 241 3 c 183 2 e 3130 2 p 1880 3 e 3614 4 o 19 2 s 4 1 I 1672 7 n 194 3 I 4 3 n 178 5 s 5 1 c 78 4 s 365 4 f 936 2 i 3 2 t 156 3 x 184 2 s 17 4 e 3106 2 U 291 2 x 247 2 a 3262 2 p 37 4 c 455 3 a 3493 3 n 2435 4 p 1 3 t 213 5 i 1115 6 a 1 102 l 80 80 e 259 3 r 988 4   1 1 p 3698 4   3474 4 t 823 5 n 244 2 l 2953 4 s 3100 3 n 244 3   1012 1 t 974 6 b 768 4 r 2231 7 i 1095 3 A 6 4 c 3923 5 i 68 3 i 7 7 t 571 4 r 2562 6 S 874 11 S 3 3 S 9 8 s 3512 3 c 2264 4 s 4079 3 a 1 3   985 6 n 168 13   1 1 S 432 3 s 2203 10 u 3222 7 n 990 13 S 54 2 . 546 5 i 1 1 v 1 3 a 1525 7 u 2344 6 a 1 6 y 3391 6 e 1 6 a 48 5 u 42 5 a 1514 4 e 65 7 u 919 4 i 7 3 a 20 5 u 2412 7 a 6 5 s 2254 30 e 1518 4 c 52 2 r 593 3 p 928 3 a 1 8 t 228 2 i 83 2 c 588 3 n 238 3 i 147 6 i 1 2 p 32 8 t 1 3 r 3129 13 a 275 5 o 1360 9 a 17 4 a 52 3 s 1 8 p 1 7 a 1486 12 t 2661 8 f 1 6 t 9 3 i 5 1 f 1 1 r 1 1 h 3493 7 r 29 2 x 100 9 n 970 7 o 1 7 n 947 6 S 36 2 t 416 1 u 3697 4 l 1 2 t 814 4 f 42 5 u 61 1 f 1 1 s 1149 6 n 534 6 i 1122 7 l 564 2 c 168 3 e 129 2 x 1 3 n 2629 6 n 1 7 e 26 2 l 1 3 u 3958 7 a 402 8 a 124 4 a 8 2 y 499 13   1601 8 a 56 1 . 1 1 g 3957 1 i 3 1 i 1 5 d 10 4 d 1 1 o 11 3 g 19 5 o 5 4 r 3957 20 i 3651 90   1 240 — 128 127 a 531 8 - 2336 10 o 0 0 O 497 2 r 2399 2 O 2416 3 r 513 2 O 8 5 o 586 4 a 1 1 O 13 2 o 821 7   2383 17   2257 7 o 34 9 ( 2135 9 i 1 70 e 1 31 u 1 3   1 3 l 113 3   213 4 i 7 2 r 1014 10 n 1345 3 n 16 2 a 13 4 n 1 6 r 2755 16 e 2124 4 s 1756 7 e 1689 2 p 1771 2 a 18 4 c 2408 3 i 2036 5 c 31 3 s 1920 5 i 2240 4 i 1422 4 r 1 8 e 1868 6 a 1 6 s 2240 3 s 1 4 a 1 9 e 4031 4 r 1041 7 r 865 4 r 359 4 r 8 3 n 1998 4 u 1559 1 s 1479 4 p 1 7 s 1 4 l 197 1 – 360 9 l 1 2 p 1 2 r 2396 4 s 1010 2 c 147 3 s 2954 5 n 1017 5 u 1218 3 e 70 3 a 1 21 p 1 3 c 2080 5 a 1986 2 a 45 2 c 25 8 o 3880 6 c 6 11 a 9 3 p 2042 4 o 508 4 c 1 4 a 30 6 u 56 5 r 2098 5 c 6 5 p 49 7 u 33 6 c 43 6 c 48 7 o 63 2 u 2 3 c 12 3 c 90 8 a 10 6 r 44 6 p 327 5 a 13 2 o 355 2 u 72 8 a 1476 3 c 155 3 u 156 3 p 60 6 s 55 6 i 2079 6 c 211 5 a 1 6 n 21 6 i 2223 3 a 6 2 p 1 1 i 2830 5 a 2265 7 c 1669 5 a 1 9 i 442 5 c 144 6 u 1676 6 a 1474 8 u 44 5 i 1 1 l 1 7 n 1367 13 a 110 5 e 2319 3 s 1 7 a 226 3 c 139 4 c 305 5 c 101 10 p 2426 4 a 171 4 i 174 3 p 258 4 p 1618 4 a 170 3 p 210 4 c 2815 5 n 1 8 i 5 4 A 3143 3 s 1 2 u 1487 7 h 44 3 s 7 3 c 2082 2 h 1402 7 n 2970 4   1 23 n 4 7   34 26 n 3366 21   978 22 n 93 16   1 47 n 69 32 o 935 2 c 1639 5 n 2627 3 a 248 2 - 2055 18 - 3518 17   1 3 M 1 1   1219 4 c 1 8 s 1 28 S 2349 8 a 7 6 c 50 12 i 3 5 s 2317 2   133 3 t 1 14 o 9 8 u 398 5   2352 6   204 7 c 150 17 / 334 24 i 99 2 x 1 1 S 2478 9 s 1 4 x 3439 5 s 1 8 t 93 6 c 154 3 n 1258 30 s 185 7 n 1 1 U 2632 3 n 1 13 c 556 2 s 600 13 s 1 8 c 90 5 n 1237 2 p 1282 6 a 729 5 p 814 2 c 737 6 c 3467 4 r 797 4 i 680 3 n 301 3 c 878 4 n 83 3 i 885 6 p 52 4 s 34 2 l 2 1 I 1297 2 l 3838 4 n 2186 2 s 2217 3 n 36 2 s 3506 4 i 38 4 i 357 3 c 52 3 a 15 2 c 3399 3 a 1089 3 n 1246 5 n 101 4 c 3377 4 i 4 3 b 974 8 i 54 5 e 902 3 h 1 22 A 3101 5 p 1 1 x 1 1 p 1 6 S 548 3 i 878 7 x 1 1 a 1138 8 c 8 4 c 5 4 i 1 7 f 1 15 e 1 10   3941 7 e 40 4 t 1640 13 i 3 4 i 26 3 l 20 9 p 2948 8 l 7 4 s 3531 3 o 2587 12 ( 5 4 r 226 3 L 710 2 L 2 1 e 1 1 L 1 1 i 166 2 l 1 5 d 1 1 Y 17 1 . 1 3 g 1 1 t 482 2 t 1 7 d 1 2 t 2 2 s 17 2 n 0 0 q 0 0 D 2 1 q 1 9 s 519 5 t 6 4 d 1 3 q 1 8 Q 6 5 n 1726 3 q 83 4 S 275 2 s 722 2 T 2730 11 a 485 9 d 1 19 L 10 9 s 1 39 S 2 1 m 677 4 m 1 1 s 185 2 d 1 9 G 595 8 N 1 10 n 1864 5 r 1 1 d 1 2 r 5 4 d 5 2 r 45 5 r 1 1 m 3342 4 l 551 2 l 1 4 o 2 1 A 421 4 A 12 4 A 11 2 A 1 7 a 10 2 a 1 5 A 9 4 A 1716 16 A 1738 21 A 57 4 A 600 2 t 298 2 q 1 2 d 296 2 d 1 1 D 4 2 q 1811 2 q 1 149 B 1 1 q 1 8 l 484 3 q 459 4 s 0 0 H 1 18 h 599 5 o 1 3 P 1 1 A 1 1 S 1 1 q 368 1 G 564 1 G 567 2 q 1 12 g 1232 8 n 743 1 q 1 1 P 613 1 . 1 1 J 727 4 p 38 2 p 1663 4 p 2018 4 d 5 2 m 1 1 c 15 3 o 1 5 J 32 3 S 1 1 c 22 3 p 1030 6 s 30 2 M 1 1 m 1 9 s 19 3 J 1 5 i 13 2 i 1026 4 m 890 10 H 152 5 h 8 3 h 166 9 h 1 9 n 1 19 l 78 2 r 1007 2 l 0 0 F 114 1 C 1 2 J 1 5 c 1 1 R 3353 4 t 1 1   1456 4   813 5 o 1388 3 o 4 5 o 1 4 f 1 1 F 1 1 d 1 12 b 2666 8 o 1 8 P 751 1 m 1 9   26 13 o 42 3 L 888 3 o 10 5 o 1 5 S 330 3 d 1 1   915 2 r 118 1 c 634 2 k 4 1 t 0 0 E 1 1 o 1 25 g 1 3 t 1 23 s 2 2 b 407 3 d 608 1 s 44 6 E 1 1 p 1 6 C 1 2 c 1 5 t 1 1 B 75 10 p 398 4 F 1 3 f 165 1 K 1 1 S 1620 4 i 19 1 o 1 11 h 4 3 s 2516 4 l 1 1 h 12 2 e 2947 4   2954 9 a 2972 15 a 18 14   1970 37   1 10 f 1 1   75 6   1 2 ) 1844 6 m 1 5 B 1 2   1 26 o 1 1 R 1 1 g 1 1 b 40 3 j 1 1 b 393 4 o 1 7 j 970 2   379 11 b 2 2 b 266 4 o 8 2 p 7 5 o 23 6 p 1 8 l 1 4 t 1 1 p 2372 2 b 5 1 b 21 8 A 216 4 p 20 2 b 1 5 t 3 2 l 8 5 t 1 2 b 1 3 C 3172 2 a 984 2 e 758 1 h 3145 4 o 470 2 L 1 1 a 2545 8 a 2465 6 i 1432 4 e 1 1 r 1 4 E 1 3   3774 4 d 1 1 e 1 4 d 2205 47 i 3805 4 o 1666 7 e 101 10 a 3191 13 a 3203 13 i 48 4 a 1729 4 i 3866 8 a 21 3 o 3 4 i 44 10   97 6 e 1 27 o 30 2 o 85 9 a 2631 3 o 2953 7 a 3221 19 e 1 6 i 3985 7 e 2 3 n 2085 4 o 1 10 e 36 8 a 63 8 o 1709 5 e 40 3   3471 4 n 3465 8 o 937 4 O 315 2   1793 5 l 1013 5 n 1102 1   12 3 r 52 2 a 139 7 o 40 3   1 42 - 535 4 i 254 8 r 1887 5 a 3167 6 l 2968 3 o 476 2 e 1 10 n 1912 4 e 5 5 e 1931 5 o 3723 7 a 711 5 a 1 2 
 1 3 i 289 3 e 3 3 a 145 4 e 2 3 o 212 4 e 2 5 w 1 6 e 846 2   995 2 t 1876 9 t 1 7 S 185 43 a 2 1 l 728 2 o 236 3 / 1 3   340 6 t 1 10   1 6 T 24 3   1144 15 o 46 2   2052 11 — 107 32 Z 1187 6   1 6 d 1 4   82 11   1 41 o 1 10 t 1 5 l 167 8   1 4 t 1 1 - 41 10 e 548 6 w 1 6 / 1 6 e 550 2 6 3 2   3 1 . 670 25 i 3960 14 o 668 3 i 26 6 E 1 4 e 2 2 e 1 29 E 33 6 i 1 1 ~ 1532 2 r 1 5 t 8 4 g 462 2 e 3833 2 p 1693 2 t 1 1 h 3788 4 l 1 1 r 1 1 l 2 3 a 1 5 l 1 5 r 555 1 r 558 2 a 3463 2 d 1053 6 l 1049 4 e 8 3 c 1059 2 t 686 2 r 10 2 i 1635 2 b 1 7 l 1 5 s 3 2 b 2640 2 c 3 1 g 1 1 r 1459 3 r 9 2 t 66 4 l 1 1 e 721 2 s 2908 7 l 2185 5 a 104 8 a 108 4 c 753 4 r 142 2 c 2371 5 b 76 7 s 1 14 B 43 3 t 23 4 l 617 4 l 2812 2 l 108 2 l 18 2 h 1531 3 l 174 5 r 16 3 p 1261 4 b 37 2 b 27 3 r 1 5 s 1 2 b 18 2 n 36 1 b 205 2 a 141 2 s 140 4 l 72 3 c 39 3 n 3675 7 c 66 7 g 257 3 t 66 2 b 179 3 b 37 1 t 160 6 t 194 2 t 3 2 r 476 4 r 4 3 c 242 2 t 1643 4 n 257 2 e 72 3 l 291 3 s 91 2 n 22 3 t 49 2 s 15 2 p 283 2 c 76 5 b 84 4 b 224 3 b 95 2 b 1935 4 a 6 1 g 28 2 l 1385 3 s 101 2 l 7 2 r 311 11 b 342 4 t 86 2 a 361 1 l 1 12 t 20 1 B 338 4 e 173 2 d 136 4 e 433 2 t 228 3 e 2976 4 e 954 2 l 1 3 e 1 1 c 89 3 l 194 3 l 1849 4 l 67 2 r 473 2 t 381 2 l 9 1 g 2571 2 c 7 2 p 5 2 c 1877 4 g 3089 2 e 22 4 r 1119 3 g 1245 7 H 1 2 m 2164 4 s 3218 7 h 835 2 o 242 4 f 172 2 f 111 4 a 1823 7 d 2736 8 S 1050 3 t 1 10 T 10 10 a 1049 3 a 564 6 S 3553 9 S 3564 4 S 1 1 b 1 3 r 242 3 l 165 3 q 2415 2 t 188 2 c 1 3 y 1 1 i 1 13 e 1 1 y 18 15 i 1 5 y 795 2 i 6 3 y 3 1 A 1 1   1042 3 a 149 2 u 0 0 | 3501 2 | 0 0 	 1 5 / 1 1 | 1875 5 L 881 10 0 0 0 8 0 0 5 0 0 3 3 1 1 0 0 4 2 1 9 2 1 1 1 1 5 5 2 8 4 2 3 863 1 1 3 1 9 17 1 4 4 1 0 1 2 3 15 1 0 128 1 v 1 1 s 312 5 5 210 1 y 307 2 g 1072 7 ( 6 4 G 1 3 3 1 1 G 1 3 … 1 1 2 1 1   